0.001131
0.000966
0.00033
0.000168
0.00017
0.000168
0.000169
0.000167
0.000168
0.000209
0.000214
0.000211
0.000213
0.000213
0.000209
0.00021
0.00021
0.000211
0.000213
0.00021
0.000213
0.00021
0.000211
0.00021
0.000211
0.000202
0.000173
0.000173
0.000174
0.000173
0.000177
0.000172
0.000174
0.000173
0.000173
0.000173
0.000173
0.000172
0.000172
0.000172
0.000174
0.000172
0.000173
0.000171
0.000175
0.000172
0.000172
0.000171
0.000172
0.000172
0.000173
0.000178
0.000174
0.000176
0.000177
0.000173
0.000171
0.000173
0.000173
0.000171
0.000174
0.000171
0.000173
0.000173
0.000175
0.000173
0.000173
0.000172
0.000173
0.000173
0.000183
0.000172
0.000175
0.000175
0.000175
0.000174
0.000177
0.000174
0.000173
0.000172
0.000173
0.000172
0.000173
0.000172
0.000176
0.000173
0.000172
0.000171
0.000172
0.000173
0.000173
0.000172
0.000174
0.000173
0.000175
0.000206
0.000212
0.000212
0.000212
0.000211
0.000213
0.000212
0.000213
0.000213
0.000213
0.00021
0.000212
0.00021
0.000214
0.000215
0.00021
0.00021
0.000214
0.000211
0.000212
0.000215
0.000211
0.000178
0.000174
0.000173
0.000172
0.000173
0.000172
0.000219
0.000197
0.000193
0.000189
0.000198
0.000169
0.000228
0.000212
0.000189
0.000171
0.000178
0.000173
0.00017
0.00018
0.000176
0.000174
0.000202
0.00017
0.000169
0.000169
0.000169
0.000171
0.000168
0.000178
0.000169
0.00017
0.000168
0.000168
0.000169
0.000169
0.000169
0.000169
0.000167
0.000169
0.000173
0.000168
0.000169
0.000196
0.000168
0.000209
0.00017
0.000171
0.000182
0.000208
0.000175
0.000205
0.000227
0.000171
0.000168
0.000169
0.00017
0.000169
0.000168
0.000187
0.000173
0.000173
0.000173
0.000182
0.000168
0.000168
0.000171
0.000206
0.000167
0.000169
0.000169
0.000172
0.000169
0.00017
0.000167
0.000169
0.000173
0.00017
0.000167
0.000169
0.000168
0.000195
0.00017
0.000187
0.000212
0.000209
0.000211
0.000209
0.00021
0.000221
0.000212
0.000209
0.000173
0.000173
0.000173
0.000174
0.000174
0.000172
0.000172
0.000173
0.000172
0.000171
0.000173
0.000175
0.000173
0.000173
0.000174
0.000173
0.000173
0.000173
0.000172
0.000174
0.000171
0.000171
0.000173
0.000173
0.000176
0.000173
0.000171
0.000172
0.000173
0.000172
0.000172
0.000172
0.000176
0.000175
0.000174
0.000174
0.000172
0.000172
0.000173
0.000172
0.000173
0.000173
0.000179
0.000178
0.000175
0.000171
0.000172
0.000171
0.000172
0.000171
0.000173
0.000174
0.000171
0.000172
0.000178
0.000172
0.000172
0.000173
0.000172
0.000173
0.000174
0.000173
0.000173
0.000173
0.000176
0.000176
0.000172
0.000174
0.000172
0.000173
0.000173
0.000173
0.000171
0.000173
0.000175
0.000173
0.000172
0.000172
0.000173
0.000177
0.000173
0.000172
0.000174
0.000176
0.000173
0.000173
0.000171
0.000171
0.000172
0.000177
0.000171
0.000175
0.000173
0.000175
0.000173
0.000175
0.000174
0.000173
0.000173
0.000174
0.000174
0.000172
0.000173
0.000174
0.000172
0.000173
0.000173
0.000174
0.000172
0.000172
0.000171
0.000175
0.000173
0.000174
0.000173
0.000174
0.000171
0.000172
0.000172
0.000173
0.000173
0.000173
0.000172
0.000176
0.000172
0.000173
0.000172
0.000174
0.000173
0.000173
0.000173
0.000174
0.000173
0.000175
0.000172
0.000179
0.000174
0.000173
0.000174
0.000173
0.000172
0.000171
0.000172
0.000174
0.000172
0.000172
0.000173
0.000173
0.000172
0.000173
0.000173
0.000172
0.000172
0.000174
0.000173
0.000173
0.000171
0.000172
0.000176
0.000174
0.000173
0.000173
0.000173
0.000176
0.000172
0.000172
0.000172
0.000173
0.000173
0.000172
0.000176
0.000174
0.000173
0.000175
0.000172
0.000177
0.000173
0.000172
0.000172
0.000173
0.000175
0.000183
0.000173
0.000175
0.000172
0.000173
0.000173
0.000173
0.000172
0.000173
0.000173
0.000177
0.000173
0.000175
0.000173
0.000173
0.000172
0.000173
0.000172
0.000173
0.000172
0.000176
0.000173
0.000175
0.000175
0.000173
0.000172
0.000172
0.000173
0.000172
0.000172
0.000173
0.000176
0.000172
0.000172
0.000173
0.000173
0.000173
0.000173
0.000174
0.000173
0.000173
0.000175
0.000173
0.000173
0.000173
0.000174
0.000178
0.000173
0.000173
0.000173
0.000173
0.000175
0.000173
0.000172
0.000174
0.000172
0.000173
0.000173
0.000173
0.000173
0.000172
0.000174
0.000174
0.000173
0.000173
0.000172
0.000173
0.000173
0.000172
0.000175
0.000173
0.000175
0.000173
0.000173
0.000172
0.000172
0.000172
0.000173
0.000173
0.000172
0.000173
0.000176
0.000172
0.000173
0.000174
0.000173
0.000173
0.000173
0.000173
0.000173
0.000179
0.000175
0.000177
0.000172
0.000174
0.000172
0.000172
0.000173
0.000174
0.000172
0.000172
0.000175
0.000173
0.000173
0.000173
0.000173
0.000177
0.000174
0.000172
0.000172
