0.002394
0.000486
0.000452
0.000453
0.000454
0.00045
0.000479
0.00046
0.000458
0.000461
0.000465
0.000491
0.000457
0.000455
0.000454
0.000454
0.000456
0.000455
0.00046
0.000454
0.000457
0.000453
0.000452
0.000452
0.000455
0.000463
0.000453
0.00046
0.000455
0.000456
0.000453
0.000453
0.000456
0.000458
0.000455
0.000459
0.000456
0.000454
0.000454
0.000453
0.000455
0.000457
0.000453
0.000459
0.000518
0.000543
0.000542
0.000544
0.000547
0.000548
0.000519
0.000492
0.000495
0.000508
0.00048
0.000496
0.000494
0.000502
0.000488
0.000482
0.00054
0.000487
0.000495
0.000482
0.000515
0.00048
0.000483
0.000473
0.000468
0.000463
0.000465
0.000467
0.000451
0.000451
0.00045
0.000451
0.000451
0.000494
0.000454
0.000451
0.000451
0.000455
0.00045
0.000452
0.000451
0.000454
0.000454
0.000454
0.000461
0.000456
0.000517
0.000543
0.000543
0.000556
0.000549
0.000544
0.000546
0.00055
0.000545
0.000545
0.000546
0.000551
0.000549
0.000546
0.000542
0.000544
0.000538
0.000476
0.000462
0.000458
0.000458
0.000453
0.000454
0.000455
0.000452
0.000453
0.000452
0.000456
0.000451
0.000451
0.000451
0.000453
0.00045
0.00045
0.000451
0.000451
0.000455
0.00045
0.000451
0.000451
0.000452
0.000452
0.000451
0.000453
0.000451
0.00046
0.000454
0.000454
0.000452
0.000454
0.000455
0.000454
0.000455
0.000454
0.000459
0.000455
0.000455
0.000455
0.000455
0.000452
0.000456
0.000455
0.000455
0.000451
0.00045
0.000452
0.000452
0.000451
0.000451
0.000449
0.000452
0.000453
0.000456
0.000454
0.000456
0.000453
0.000451
0.000456
0.000453
0.000452
0.000459
0.000453
0.000453
0.000455
0.000456
0.000454
0.000455
0.000458
0.000454
0.000456
0.000455
0.000455
0.000452
0.000459
0.000455
0.000452
0.000452
0.000453
0.000457
0.000454
0.000452
0.000451
0.000453
0.000457
0.000456
0.000454
0.000458
0.000452
0.000454
0.000453
0.000454
0.000455
0.000452
0.000453
0.000451
0.000456
0.000453
0.000454
0.000451
0.000453
0.000456
0.000453
0.000454
0.000451
0.000462
0.000453
0.000455
0.000453
0.000453
0.000458
0.00046
0.000455
0.000454
0.000458
0.000454
0.000454
0.000455
0.000457
0.000455
0.000453
0.000454
0.000454
0.000458
0.000454
0.000453
0.000454
0.000456
0.000454
0.000453
0.000453
0.000457
0.000455
0.000454
0.000455
0.000456
0.000452
0.000454
0.000453
0.000456
0.000456
0.000454
0.000455
0.000458
0.000456
0.000455
0.000453
0.000456
0.000458
0.000457
0.000455
0.000453
0.000454
0.000454
0.000454
0.000453
0.000454
0.000453
0.000457
0.000454
0.000455
0.000455
0.000453
0.000454
0.000454
0.000455
0.000455
0.000457
0.000453
0.000458
0.000453
0.000453
0.000454
0.000458
0.000454
0.000456
0.000454
0.000455
0.000459
0.000453
0.000455
0.000454
0.000455
0.000453
0.000461
0.000456
0.000456
0.000453
0.000454
0.000453
0.000454
0.000454
0.000454
0.000456
0.000458
0.000454
0.000455
0.000455
0.000456
0.000453
0.000455
0.000454
0.000458
0.000454
0.000453
0.000453
0.000455
0.000458
0.000454
0.000455
0.000456
0.000458
0.000455
0.000453
0.000456
0.000455
0.000453
0.000453
0.000455
0.000459
0.000455
0.000456
0.000452
0.000454
0.000454
0.000454
0.00045
0.000451
0.000457
0.000455
0.000455
0.000455
0.000456
0.000449
0.000452
0.00045
0.000452
0.000454
0.000451
0.000451
0.00045
0.000452
0.00045
0.000451
0.000449
0.000453
0.000454
0.000451
0.000451
0.000454
0.000451
0.000452
0.00045
0.00045
0.000451
0.000454
0.000451
0.000454
0.000451
0.000452
0.000451
0.000451
0.000452
0.000453
0.000452
0.000451
0.000459
0.00045
0.000454
0.000451
0.000456
0.000454
0.000456
0.000452
0.000454
0.000455
0.000453
0.000453
0.000452
0.000453
0.000453
0.000453
0.000455
0.000453
0.000455
0.000453
0.000454
0.000455
0.000459
0.000452
0.000455
0.000458
0.000452
0.000456
0.000455
0.000457
0.00045
0.000452
0.000455
0.000455
0.000457
0.000451
0.000454
0.000452
0.000453
0.000454
0.000452
0.000458
0.000454
0.000454
0.000453
0.000455
0.000453
0.000453
0.000456
0.000452
0.000457
0.000453
0.000454
0.000452
0.000453
0.000456
0.000454
0.000454
0.000453
0.000463
0.00045
0.00045
0.00045
0.000451
0.000449
0.000457
0.000451
0.000451
0.000454
0.000451
0.000451
0.000451
0.000451
0.00045
0.00045
0.000451
0.00045
0.000454
0.000449
0.000451
0.000451
0.00045
0.000451
0.00045
0.000451
0.00045
0.000452
0.000451
0.00045
0.000451
0.000451
0.000451
0.000451
0.000451
0.000452
0.000454
0.000453
0.000452
0.000454
0.000454
0.000454
0.000453
0.000457
0.000455
0.000454
0.000452
0.000455
0.000454
0.000454
0.000455
0.000455
0.000454
0.000456
0.000451
0.000458
0.000454
0.000454
0.000454
0.000456
0.000454
0.000453
0.000458
0.000459
0.000457
0.000455
