0.003338
0.004182
0.00061
0.000553
0.000547
0.000545
0.000545
0.00055
0.000546
0.000543
0.000548
0.000544
0.000546
0.000561
0.000551
0.000598
0.000597
0.00055
0.000545
0.000544
0.000547
0.000545
0.00055
0.000544
0.000547
0.000543
0.000545
0.00055
0.000545
0.00055
0.000546
0.000547
0.000545
0.000544
0.000549
0.000545
0.000547
0.000549
0.000546
0.000558
0.000549
0.000546
0.000544
0.000549
0.000545
0.00074
0.000604
0.00055
0.000547
0.000545
0.000552
0.000544
0.000545
0.000546
0.000543
0.000545
0.000545
0.000546
0.000551
0.000545
0.000546
0.000545
0.000545
0.000545
0.000544
0.000549
0.000546
0.000546
0.000545
0.000545
0.000547
0.000544
0.000547
0.000548
0.000545
0.000542
0.000553
0.000548
0.000543
0.000544
0.000559
0.000544
0.000545
0.000547
0.000544
0.000545
0.000546
0.000547
0.000545
0.000544
0.000547
0.000543
0.000545
0.000545
0.000549
0.000545
0.000546
0.000544
0.000546
0.000543
0.000546
0.000545
0.000547
0.000546
0.000544
0.000544
0.000547
0.000543
0.000544
0.000549
0.000546
0.000544
0.000545
0.000545
0.000545
0.000544
0.000549
0.000545
0.000543
0.000545
0.000547
0.000544
0.000546
0.000546
0.000546
0.000545
0.000547
0.000543
0.000544
0.000547
0.000544
0.000547
0.000545
0.000547
0.000544
0.000543
0.000546
0.000543
0.000546
0.000546
0.000544
0.000544
0.000543
0.000551
0.000545
0.000544
0.000549
0.000546
0.000544
0.000572
0.000573
0.000545
0.000546
0.000551
0.000545
0.000544
0.000546
0.000545
0.000543
0.000547
0.000547
0.000545
0.000547
0.000543
0.000545
0.000545
0.000545
0.000548
0.000547
0.000549
0.000548
0.000545
0.000546
0.000545
0.000544
0.000548
0.000548
0.000543
0.000545
0.000546
0.000544
0.000544
0.00055
0.000544
0.000544
0.000544
0.000547
0.000543
0.000544
0.000554
0.000545
0.000545
0.000546
0.000544
0.000545
0.000544
0.000546
0.000548
0.000544
0.000546
0.000546
0.000544
0.000547
0.000545
0.000546
0.000547
0.000544
0.000545
0.000544
0.000546
0.000547
0.000548
0.000548
0.000545
0.000545
0.000546
0.000545
0.000545
0.000545
0.00055
0.000544
0.000546
0.000546
0.000543
0.000546
0.000547
0.000548
0.000543
0.000544
0.000546
0.000543
0.000544
0.000548
0.000545
0.000545
0.000548
0.000543
0.000545
0.000544
0.000545
0.000545
0.000548
0.000547
0.000543
0.000544
0.000547
0.000544
0.000544
0.000548
0.000545
0.000545
0.000543
0.000547
0.000545
0.000544
0.000549
0.000546
0.000543
0.000546
0.000545
0.000543
0.000544
0.000546
0.000553
0.000546
0.000546
0.000545
0.000544
0.000546
0.000544
0.000548
0.000544
0.000547
0.000544
0.000546
0.000546
0.000544
0.000547
0.000546
0.000543
0.000547
0.000544
0.000546
0.000544
0.000545
0.000549
0.000544
0.000543
0.000547
0.000544
0.000545
0.000546
0.000546
0.000545
0.000544
0.000545
0.000543
0.000543
0.000547
0.000546
0.000544
0.000546
0.000544
0.000544
0.000544
0.000544
0.000544
0.000547
0.000544
0.000545
0.000543
0.000545
0.000546
0.000543
0.000548
0.000546
0.000545
0.000544
0.000544
0.000544
0.000544
0.000547
0.000544
0.000544
0.000544
0.000546
0.000545
0.000544
0.000546
0.000547
0.000547
0.000545
0.000544
0.000546
0.000545
0.000544
0.000546
0.000545
0.000546
0.000544
0.000545
0.000545
0.000543
0.000548
0.000547
0.000542
0.000545
0.000544
0.000546
0.000545
0.000544
0.00055
0.000546
0.000544
0.000547
0.000544
0.000545
0.000544
0.00055
0.000544
0.000544
0.000545
0.000546
0.000544
0.000545
0.00055
0.000545
0.000544
0.000546
0.000545
0.000545
0.000545
0.000544
0.000553
0.000546
0.000544
0.000546
0.000546
0.000544
0.000545
0.000546
0.000546
0.000544
0.000545
0.000545
0.000544
0.000546
0.000547
0.000544
0.000545
0.000549
0.000545
0.000545
0.000544
0.000546
0.00055
0.000544
0.000546
0.000545
0.000543
0.000545
0.000545
0.000546
0.000544
0.000546
0.000544
0.000544
0.000545
0.000545
0.000545
0.000547
0.000544
0.000543
0.000545
0.000546
0.000544
0.000545
0.000548
0.000547
0.000544
0.000545
0.000546
0.000544
0.000544
0.000548
0.000544
0.000545
0.000545
0.000545
0.000545
0.000545
0.000547
0.000546
0.000544
0.000547
0.000544
0.000545
0.000546
0.000543
0.000548
0.000547
0.000543
0.000546
0.000544
0.000544
0.000545
0.000551
0.000544
0.000544
0.000544
0.000547
0.000543
0.000543
0.000549
0.000544
0.000544
0.000545
0.000545
0.000545
0.000543
0.000546
0.000548
0.000544
0.000545
0.000545
0.000544
0.000545
0.000547
0.000548
0.000545
0.000545
0.000544
0.000544
0.000545
0.000545
0.000545
0.000544
0.000547
0.000544
0.000545
0.000547
0.000552
0.000532
0.000558
0.000553
0.000534
0.000532
0.000532
0.000573
0.000532
0.000564
0.000532
0.000533
0.000533
0.000532
0.000532
0.000532
0.000536
0.00056
0.000532
