0.002703
0.000888
0.000883
0.00088
0.000879
0.000882
0.000885
0.000879
0.00089
0.000886
0.00079
0.000748
0.000745
0.000743
0.000745
0.000742
0.000749
0.000745
0.000746
0.000741
0.000746
0.000745
0.000743
0.000745
0.000744
0.000744
0.000748
0.000741
0.000744
0.000742
0.000745
0.000742
0.000751
0.000745
0.000743
0.000745
0.000747
0.000747
0.000746
0.000746
0.000744
0.000741
0.000747
0.000744
0.000743
0.000742
0.000744
0.000745
0.000749
0.000743
0.000747
0.00074
0.000741
0.000746
0.000741
0.000744
0.000741
0.000742
0.000746
0.000746
0.000746
0.000741
0.000747
0.000742
0.000745
0.000741
0.000739
0.000739
0.000739
0.000743
0.000748
0.000742
0.000746
0.000739
0.000744
0.000743
0.00074
0.00074
0.000739
0.000738
0.000744
0.000742
0.000745
0.000742
0.000743
0.000745
0.000747
0.000747
0.000741
0.000739
0.000745
0.000756
0.000748
0.000742
0.000744
0.000743
0.000748
0.000749
0.00074
0.000743
0.000741
0.000741
0.000746
0.000741
0.00074
0.000745
0.000744
0.000749
0.000744
0.00074
0.000745
0.000741
0.000746
0.000743
0.000743
0.000747
0.000743
0.000743
0.000746
0.00074
0.000744
0.000741
0.000745
0.000742
0.000745
0.000742
0.000743
0.000746
0.000745
0.000744
0.000744
0.000743
0.000748
0.000743
0.00075
0.000739
0.000744
0.000745
0.000744
0.000749
0.000745
0.000739
0.000746
0.00074
0.000748
0.000746
0.000743
0.000742
0.000744
0.000742
0.000748
0.000737
0.000746
0.00074
0.000746
0.000748
0.000745
0.000743
0.000741
0.000741
0.000745
0.000743
0.000743
0.000742
0.000746
0.000742
0.000743
0.000743
0.000746
0.000742
0.000743
0.000741
0.000749
0.00074
0.000744
0.00074
0.000744
0.000746
0.000745
0.000743
0.000745
0.000744
0.000748
0.000743
0.000746
0.000744
0.000745
0.00074
0.000745
0.000743
0.000743
0.000743
0.000742
0.000742
0.000747
0.000745
0.000746
0.00074
0.000747
0.000744
0.000745
0.000745
0.000741
0.000741
0.00075
0.000743
0.000742
0.000739
0.000745
0.000745
0.000745
0.000743
0.000743
0.000743
0.000743
0.00074
0.000746
0.000743
0.000743
0.000745
0.000745
0.000742
0.000739
0.000743
0.000742
0.000742
0.000744
0.00074
0.000745
0.00074
0.000739
0.000747
0.000743
0.000739
0.000742
0.000739
0.00075
0.000742
0.00074
0.000743
0.000743
0.000747
0.000742
0.000739
0.000745
0.000741
0.000746
0.000743
0.000745
0.00074
0.000746
0.000746
0.000746
0.000745
0.000743
0.000742
0.000747
0.00074
0.000751
0.000741
0.000742
0.000742
0.000739
0.000746
0.00074
0.000741
0.000745
0.000739
0.000747
0.000739
0.00074
0.000743
0.000741
0.000745
0.000745
0.00074
0.000751
0.000743
0.000744
0.000742
0.000738
0.000746
0.000745
0.000743
0.000743
0.000745
0.000744
0.000741
0.000746
0.00074
0.000744
0.000741
0.000743
0.000741
0.000739
0.00075
0.000744
0.000739
0.000741
0.000739
0.000741
0.000748
0.00074
0.00074
0.000739
0.000739
0.000747
0.000742
0.000742
0.000739
0.00074
0.000743
0.000741
0.000747
0.000723
0.000723
0.000724
0.000726
0.000725
0.000724
0.000725
0.000722
0.000752
0.000753
0.000751
0.000722
0.000726
0.000738
0.000739
0.000721
0.000722
0.000719
0.000722
0.000752
0.000725
0.000724
0.000728
0.000722
0.000724
0.000725
0.000725
0.000723
0.000729
0.000725
0.000752
0.000726
0.000749
0.00072
0.000723
0.000742
0.000754
0.000722
0.000721
0.000726
0.000722
0.000752
0.000723
0.000738
0.000737
0.00072
0.000723
0.000726
0.000722
0.000724
0.000722
0.000722
0.000752
0.000725
0.000727
0.000755
0.000728
0.000722
0.000728
0.00075
0.000728
0.000724
0.000724
0.000756
0.000742
0.000727
0.000725
0.000724
0.000731
0.000726
0.000726
0.000725
0.000726
0.000723
0.000756
0.000723
0.000726
0.000724
0.000753
0.000723
0.000728
0.000723
0.000752
0.000723
0.000724
0.000752
0.000729
0.000723
0.000741
0.000748
0.000729
0.000759
0.000723
0.000726
0.000727
0.000723
0.000757
0.000725
0.000725
0.000723
0.000724
0.000757
0.000726
0.000724
0.000724
0.000755
0.000724
0.00075
0.000724
0.00072
0.000726
0.000722
0.00073
0.000725
0.000724
0.000728
0.000726
0.000743
0.000754
0.000725
0.000724
0.000724
0.000725
0.000742
0.000741
0.000725
0.000728
0.000755
0.000727
0.000756
0.000729
0.000724
0.000727
0.00074
0.00075
0.00074
0.000725
0.000723
0.000727
0.000724
0.000758
0.000725
0.00073
0.000726
0.000727
0.000728
0.000783
0.000726
0.000729
0.000725
0.000785
0.000725
0.000728
0.000726
0.00073
0.000761
0.000758
0.000726
0.000729
0.000723
0.000732
0.000754
0.000725
0.000728
0.000727
0.000726
0.000728
0.000756
0.000727
0.00075
0.000729
0.000727
0.000756
0.000754
0.000728
0.000728
0.000727
0.000726
0.000759
0.000726
0.000759
0.000729
0.000729
0.000755
0.00073
0.000726
