0.001549
0.000274
0.000256
0.000256
0.000284
0.000255
0.000274
0.00027
0.000256
0.000288
0.000256
0.000256
0.000256
0.00026
0.000257
0.000257
0.000257
0.000256
0.000257
0.000255
0.000276
0.000264
0.000303
0.00029
0.000274
0.000266
0.000262
0.000263
0.000262
0.000262
0.000262
0.000262
0.000262
0.000262
0.000266
0.000261
0.000261
0.000262
0.000261
0.000269
0.000262
0.000261
0.000262
0.000264
0.000261
0.000262
0.000262
0.000261
0.000263
0.000262
0.000263
0.000261
0.000262
0.000262
0.000266
0.000265
0.000264
0.000262
0.000262
0.000261
0.000261
0.000262
0.000263
0.000263
0.000262
0.000261
0.000263
0.000261
0.000261
0.000271
0.000263
0.000262
0.000263
0.000261
0.000262
0.000263
0.000266
0.000262
0.000262
0.000261
0.000262
0.000263
0.000261
0.000265
0.000266
0.000263
0.000262
0.000262
0.000262
0.000263
0.000266
0.000262
0.000261
0.000262
0.000262
0.00026
0.000265
0.000263
0.000264
0.000261
0.000264
0.000262
0.000261
0.000263
0.000262
0.000262
0.000262
0.000262
0.000262
0.000263
0.000261
0.000263
0.000262
0.000261
0.000261
0.000263
0.000265
0.000263
0.000262
0.000262
0.000261
0.000261
0.000264
0.000263
0.000261
0.000262
0.000263
0.000261
0.000264
0.000265
0.000265
0.000261
0.000263
0.000273
0.000256
0.000288
0.000258
0.000255
0.000256
0.000259
0.000257
0.000256
0.000256
0.000272
0.000262
0.000264
0.000276
0.000257
0.000273
0.000262
0.000261
0.000262
0.000261
0.000262
0.000263
0.000263
0.000261
0.000262
0.000262
0.000261
0.000263
0.000263
0.000264
0.000261
0.000262
0.000262
0.00026
0.000262
0.000265
0.000262
0.000262
0.000262
0.000262
0.000261
0.000262
0.000263
0.000267
0.000263
0.000261
0.00026
0.000262
0.000262
0.000266
0.000262
0.000262
0.000261
0.000262
0.000261
0.000261
0.00027
0.000262
0.000263
0.000262
0.000262
0.000262
0.000262
0.000262
0.000262
0.000261
0.000261
0.000262
0.000262
0.000263
0.000265
0.000262
0.000263
0.000263
0.000262
0.000263
0.000262
0.000266
0.000261
0.000262
0.000263
0.000261
0.000262
0.000262
0.000262
0.000261
0.000262
0.000261
0.00027
0.000263
0.000261
0.000264
0.000261
0.000261
0.000261
0.000263
0.000261
0.000261
0.000263
0.000261
0.00026
0.000262
0.000262
0.00026
0.000299
0.000257
0.000255
0.000257
0.000257
0.000256
0.000255
0.000256
0.000257
0.000285
0.000282
0.000256
0.000256
0.000256
0.000256
0.000262
0.000256
0.000256
0.000256
0.000255
0.000272
0.000262
0.000262
0.000273
0.000257
0.000254
0.000255
0.000256
0.000255
0.000257
0.000285
0.000256
0.000256
0.000256
0.000254
0.000255
0.000256
0.000256
0.000255
0.000256
0.000256
0.000288
0.000263
0.000263
0.000261
0.000302
0.000256
0.000255
0.000255
0.000282
0.000256
0.000257
0.000255
0.000256
0.000255
0.000257
0.000256
0.000256
0.000256
0.000257
0.000255
0.000285
0.000284
0.000256
0.000257
0.000256
0.000256
0.000256
0.000257
0.000256
0.000255
0.000287
0.000256
0.000282
0.000256
0.000255
0.000259
0.000257
0.000256
0.000255
0.000256
0.000255
0.000255
0.000256
0.000283
0.000256
0.000256
0.000256
0.000255
0.000256
0.000256
0.000256
0.000286
0.000256
0.000255
0.000256
0.000256
0.000257
0.000255
0.000256
0.000256
0.000256
0.000255
0.000256
0.000257
0.000256
0.000255
0.00026
0.000255
0.000256
0.000257
0.000255
0.000255
0.000256
0.000255
0.000257
0.000256
0.000256
0.000255
0.000256
0.000255
0.000256
0.000256
0.000285
0.000255
0.000256
0.000256
0.000255
0.000257
0.000257
0.000255
0.000256
0.000256
0.000272
0.000269
0.000271
0.000262
0.000261
0.000265
0.000272
0.000256
0.000255
0.000256
0.000257
0.000255
0.000255
0.000255
0.000255
0.000255
0.000286
0.000256
0.000287
0.000256
0.000284
0.000256
0.000255
0.000255
0.000255
0.000256
0.000255
0.000256
0.000256
0.000255
0.000258
0.000257
0.000256
0.000255
0.000256
0.000255
0.000259
0.00026
0.000256
0.000255
0.000256
0.000255
0.000255
0.000257
0.000257
0.000255
0.000256
0.000256
0.000256
0.000255
0.000256
0.000287
0.000257
0.000255
0.000255
0.000255
0.000256
0.000256
0.000259
0.000257
0.000256
0.000256
0.000256
0.000286
0.000257
0.000256
0.000256
0.00026
0.000256
0.000283
0.000257
0.000256
0.000257
0.000257
0.000254
0.000256
0.000256
0.000254
0.000255
0.000256
0.000298
0.00026
0.000264
0.000272
0.000255
0.000256
0.000257
0.000255
0.000256
0.000255
0.000255
0.000256
0.000256
0.000255
0.000256
0.000255
0.000256
0.000257
0.000256
0.000256
0.000256
0.000257
0.000255
0.000256
0.000256
0.000256
0.000256
0.000256
0.000256
0.000255
0.000256
0.000256
0.000256
0.000284
0.000257
0.000256
0.000256
0.000256
0.000256
0.000255
0.000255
0.000257
0.000255
0.000256
0.000256
0.000284
0.000256
0.000256
0.00026
0.000256
