0.001155
0.001093
0.001099
0.001089
0.001235
0.001518
0.001539
0.001276
0.000655
0.000644
0.000645
0.000647
0.000643
0.000644
0.000644
0.000644
0.000643
0.000646
0.000649
0.000642
0.000647
0.000645
0.000642
0.000644
0.000653
0.000643
0.000648
0.000645
0.000643
0.000644
0.000648
0.000642
0.000649
0.000643
0.000644
0.000655
0.000647
0.000644
0.000649
0.000643
0.000642
0.00065
0.000649
0.000643
0.000646
0.000643
0.000643
0.000646
0.000648
0.000645
0.000645
0.000644
0.000645
0.000644
0.000642
0.000647
0.000643
0.000642
0.000645
0.000644
0.000643
0.000654
0.000644
0.000654
0.000646
0.000644
0.000645
0.000648
0.000643
0.000644
0.000643
0.000644
0.000643
0.00065
0.000644
0.000644
0.000643
0.000643
0.000645
0.000644
0.000643
0.000645
0.000643
0.000644
0.000644
0.000642
0.000646
0.000643
0.000643
0.000644
0.000643
0.000642
0.000651
0.000643
0.000643
0.000643
0.000629
0.000651
0.000661
0.000656
0.000657
0.000629
0.000646
0.000653
0.000661
0.000629
0.000629
0.000629
0.000629
0.000629
0.000643
0.000642
0.000629
0.000628
0.000629
0.000658
0.000628
0.000663
0.000642
0.000642
0.000644
0.000643
0.000642
0.000649
0.000644
0.000643
0.000648
0.000641
0.000642
0.00065
0.000644
0.000644
0.000643
0.000642
0.000644
0.000646
0.000642
0.000642
0.000644
0.000643
0.000643
0.000643
0.000645
0.000643
0.000644
0.000642
0.000643
0.000643
0.000646
0.000643
0.000646
0.000643
0.000643
0.000643
0.000656
0.000646
0.000657
0.000657
0.000628
0.000628
0.00063
0.000629
0.00066
0.000659
0.000628
0.000632
0.000645
0.000698
0.000629
0.000627
0.000628
0.000632
0.000628
0.000631
0.000633
0.000628
0.000628
0.000629
0.000629
0.000658
0.000631
0.000629
0.000628
0.00063
0.000628
0.000631
0.000632
0.000653
0.000678
0.000632
0.000629
0.000628
0.000659
0.000659
0.000629
0.00063
0.000628
0.000629
0.000633
0.000628
0.000627
0.000628
0.000628
0.000628
0.000664
0.000629
0.000629
0.000662
0.000629
0.000628
0.000631
0.000628
0.000629
0.000629
0.000629
0.000655
0.000629
0.000658
0.000648
0.000643
0.000642
0.000629
0.000629
0.00063
0.000629
0.00063
0.000629
0.000628
0.000629
0.000657
0.000628
0.000629
0.000628
0.000629
0.000629
0.000628
0.000632
0.000629
0.000628
0.000627
0.00063
0.000655
0.000659
0.000629
0.000658
0.000657
0.000628
0.000628
0.000658
0.000629
0.000656
0.000648
0.000629
0.000632
0.000631
0.000628
0.00063
0.000628
0.000628
0.00065
0.000644
0.000658
0.000631
0.000629
0.000628
0.00063
0.000628
0.000658
0.00063
0.000656
0.000628
0.000656
0.000629
0.000657
0.00063
0.000628
0.000629
0.000629
0.000628
0.000628
0.000632
0.000628
0.000663
0.00063
0.000658
0.00063
0.000662
0.000628
0.000629
0.000635
0.00063
0.000629
0.000631
0.000656
0.000658
0.000629
0.000628
0.000629
0.000692
0.00063
0.000629
0.000631
0.00063
0.000628
0.000632
0.000631
0.000628
0.00063
0.000628
0.000629
0.000628
0.000661
0.000651
0.000658
0.000654
0.000627
0.000648
0.000643
0.000628
0.000659
0.000686
0.000629
0.00063
0.000657
0.000657
0.000629
0.000628
0.000628
0.000631
0.000629
0.000632
0.00063
0.000628
0.000628
0.000628
0.000627
0.000658
0.000628
0.000628
0.000629
0.000629
0.000628
0.00063
0.000635
0.000655
0.000678
0.00063
0.000628
0.000627
0.000664
0.000657
0.000627
0.000635
0.000628
0.000628
0.000633
0.000628
0.000629
0.000633
0.000628
0.000629
0.000659
0.000628
0.000628
0.000663
0.000627
0.000629
0.000638
0.000629
0.000627
0.000647
0.000641
0.000655
0.000629
0.000657
0.000644
0.000655
0.000628
0.000628
0.000628
0.000663
0.00063
0.000632
0.000627
0.000629
0.000632
0.000656
0.000629
0.00063
0.000629
0.000629
0.000629
0.000628
0.000632
0.000633
0.000629
0.000658
0.00063
0.000656
0.000656
0.000635
0.000628
0.000657
0.000629
0.000629
0.00066
0.00065
0.000644
0.000645
0.00063
0.000629
0.00063
0.000631
0.00063
0.000628
0.000629
0.000653
0.000643
0.000659
0.000628
0.000628
0.000659
0.000628
0.000628
0.00066
0.000629
0.000629
0.000629
0.000655
0.000628
0.000658
0.000631
0.000629
0.000628
0.00063
0.000629
0.000631
0.00063
0.000628
0.000663
0.000629
0.000628
0.000628
0.000658
0.000628
0.000628
0.000651
0.000642
0.000642
0.00065
0.000642
0.000642
0.000644
0.000642
0.000643
0.000649
0.000642
0.000643
0.000648
0.000643
0.000643
0.000649
0.000643
0.000642
0.000643
0.000641
0.000643
0.000646
0.00065
0.000643
0.000675
0.000628
0.000658
0.000629
0.00063
0.000628
0.000659
0.000658
0.000628
0.000628
0.000687
0.000628
0.000628
0.000629
0.000628
0.000628
0.000631
0.000628
0.000631
0.000629
0.000628
0.000629
0.000628
0.000656
0.000631
0.000627
0.000628
0.000662
0.000629
0.000631
