0.000212
0.000185
0.000197
0.000193
0.000206
0.000182
0.000184
0.000182
0.000179
0.000182
0.000181
0.000181
0.000182
0.000183
0.000181
0.000187
0.000183
0.000181
0.000181
0.000181
0.000182
0.000181
0.000181
0.000181
0.000181
0.000181
0.000182
0.000182
0.000181
0.000182
0.000182
0.000181
0.000183
0.000181
0.000187
0.000185
0.000183
0.000191
0.000182
0.000184
0.000182
0.000186
0.000185
0.000187
0.000182
0.000181
0.000183
0.000181
0.000181
0.000181
0.000181
0.00019
0.000184
0.000182
0.000181
0.000187
0.000184
0.000183
0.000197
0.000185
0.000181
0.000181
0.000186
0.000185
0.000183
0.000184
0.000181
0.000181
0.000181
0.000181
0.000181
0.000181
0.000183
0.000181
0.000181
0.000181
0.000182
0.000183
0.000183
0.000183
0.000185
0.000182
0.000181
0.000182
0.000182
0.000188
0.000216
0.000184
0.000181
0.000181
0.000182
0.000181
0.000193
0.00019
0.000202
0.000183
0.000182
0.000181
0.000183
0.000184
0.000181
0.000181
0.000189
0.00018
0.000181
0.000185
0.000181
0.000181
0.000182
0.00018
0.000182
0.000182
0.000188
0.000183
0.000183
0.000181
0.000182
0.000181
0.00018
0.000187
0.000182
0.00018
0.000181
0.000186
0.000182
0.000184
0.000186
0.000182
0.000182
0.000182
0.00018
0.000181
0.000184
0.000191
0.000185
0.000183
0.000181
0.000258
0.000245
0.000183
0.000182
0.000182
0.000181
0.000181
0.000186
0.000184
0.00018
0.000183
0.000181
0.00018
0.000182
0.000181
0.000182
0.000182
0.000185
0.000185
0.000183
0.000182
0.000183
0.000182
0.000181
0.000181
0.000182
0.000188
0.000181
0.000184
0.000192
0.000181
0.000187
0.000187
0.000182
0.000183
0.000184
0.00018
0.000182
0.000183
0.000181
0.000181
0.000183
0.00018
0.000181
0.000181
0.00018
0.000182
0.000182
0.000184
0.000181
0.000181
0.000196
0.000178
0.000181
0.000195
0.000186
0.000182
0.000181
0.000182
0.00019
0.000178
0.00018
0.000177
0.000176
0.000177
0.000178
0.000177
0.000178
0.000178
0.000178
0.000177
0.000176
0.000178
0.000207
0.000179
0.000179
0.000177
0.000177
0.000178
0.000177
0.000177
0.000179
0.000176
0.000177
0.000178
0.000177
0.000189
0.000191
0.000179
0.00019
0.000181
0.000181
0.000181
0.000181
0.000182
0.000198
0.000182
0.000186
0.000181
0.000182
0.00018
0.000182
0.000186
0.000181
0.000181
0.000182
0.00018
0.000181
0.000183
0.000181
0.000181
0.00018
0.00018
0.000181
0.000182
0.00018
0.000182
0.000186
0.000181
0.000181
0.000181
0.000181
0.000182
0.000182
0.00018
0.00018
0.000181
0.00018
0.000182
0.000182
0.00018
0.000181
0.000182
0.000181
0.000181
0.000181
0.000181
0.000185
0.000184
0.000197
0.000181
0.000183
0.000181
0.00018
0.000186
0.000185
0.000182
0.000184
0.000181
0.000181
0.000183
0.000186
0.000185
0.000183
0.000182
0.00018
0.000181
0.000181
0.00018
0.000185
0.000181
0.000184
0.000182
0.00018
0.00018
0.000182
0.000182
0.00018
0.000182
0.000181
0.000181
0.000182
0.000182
0.000181
0.000182
0.000181
0.000181
0.000181
0.000181
0.000181
0.000186
0.000183
0.000183
0.000182
0.000182
0.000181
0.000182
0.000183
0.00018
0.000182
0.000181
0.000181
0.000182
0.000181
0.000181
0.000181
0.000181
0.00018
0.000181
0.00018
0.000182
0.000184
0.000182
0.000182
0.000184
0.000182
0.000181
0.000182
0.000185
0.000181
0.000181
0.000181
0.000182
0.000182
0.000182
0.000181
0.000181
0.000181
0.000181
0.000181
0.000182
0.000182
0.000181
0.000182
0.000182
0.000181
0.000191
0.000182
0.000181
0.000181
0.000181
0.000181
0.000181
0.000181
0.000181
0.000181
0.000186
0.000185
0.000183
0.000182
0.000181
0.00018
0.000181
0.000182
0.000181
0.000181
0.000181
0.000181
0.000185
0.000181
0.000186
0.000184
0.000184
0.000183
0.000181
0.000181
0.000182
0.000183
0.000181
0.000181
0.000181
0.000181
0.000181
0.000181
0.000182
0.00018
0.000181
0.000182
0.00018
0.000181
0.000184
0.00018
0.000182
0.000182
0.00018
0.000181
0.000181
0.00018
0.000181
0.000187
0.000183
0.000181
0.000182
0.000191
0.000204
0.000205
0.000177
0.000178
0.000177
0.000176
0.000191
0.000191
0.000206
0.000184
0.000179
0.000177
0.000176
0.000177
0.000177
0.000177
0.000182
0.000176
0.000177
0.000177
0.000176
0.000178
0.000177
0.000177
0.000176
0.000178
0.000176
0.000177
0.000177
0.000177
0.000184
0.000178
0.000176
0.000176
0.000178
0.000192
0.000181
0.000183
0.000181
0.000181
0.000193
0.000177
0.000176
0.000178
0.000183
0.000181
0.000179
0.000177
0.000177
0.000179
0.000177
0.000177
0.000207
0.000177
0.000177
0.000178
0.000177
0.000177
0.000183
0.00018
0.000178
0.000179
0.000178
0.000177
0.000178
0.000177
0.000176
0.000177
0.000177
0.000177
0.000177
0.000177
0.000177
0.00018
0.000189
0.000178
0.000179
0.000204
0.000176
