0.003518
0.004228
0.00343
0.002867
0.002894
0.003667
0.004272
0.004443
0.003119
0.002623
0.001682
0.001453
0.001524
0.001207
0.001132
0.001151
0.001155
0.001345
0.00125
0.001122
0.000947
0.00095
0.000816
0.000805
0.000806
0.000807
0.00081
0.000813
0.000735
0.000704
0.000706
0.000707
0.000728
0.000708
0.000705
0.000658
0.000626
0.000635
0.00063
0.00063
0.000629
0.000628
0.000629
0.000578
0.000563
0.000571
0.000565
0.000571
0.000563
0.000566
0.000565
0.000568
0.000518
0.000514
0.000512
0.000519
0.000512
0.000515
0.000513
0.000512
0.000523
0.000519
0.000503
0.0005
0.000502
0.000506
0.000531
0.000508
0.000537
0.0005
0.000504
0.000501
0.000503
0.000506
0.000502
0.000502
0.000536
0.000503
0.000502
0.000502
0.000503
0.000504
0.000502
0.000532
0.000505
0.000503
0.000502
0.000503
0.000501
0.000501
0.000503
0.000558
0.000505
0.000502
0.000502
0.000503
0.0005
0.000504
0.0005
0.000532
0.000512
0.000501
0.000502
0.000515
0.000513
0.000529
0.000502
0.000532
0.000502
0.000503
0.000501
0.00053
0.000501
0.000505
0.000519
0.00056
0.000503
0.000502
0.000503
0.000502
0.0005
0.000502
0.000502
0.00053
0.000503
0.0005
0.000502
0.0005
0.0005
0.000506
0.000505
0.000502
0.000504
0.000504
0.000503
0.000499
0.0005
0.000502
0.000535
0.000503
0.000502
0.0005
0.000503
0.00052
0.000514
0.000517
0.000505
0.000502
0.000501
0.000501
0.000502
0.0005
0.000502
0.000504
0.000531
0.000501
0.0005
0.000502
0.000502
0.000502
0.000502
0.000502
0.000535
0.000502
0.000502
0.000504
0.000508
0.000502
0.0005
0.000502
0.000504
0.00051
0.0005
0.0005
0.000502
0.000501
0.000518
0.000521
0.000531
0.000506
0.000501
0.000502
0.000501
0.00052
0.000522
0.000501
0.000505
0.000504
0.000501
0.000502
0.000503
0.000501
0.000501
0.000516
0.000502
0.000501
0.000502
0.000501
0.000509
0.000502
0.000502
0.000504
0.000502
0.000502
0.000509
0.000502
0.000502
0.000501
0.000502
0.000531
0.000531
0.000503
0.0005
0.000502
0.000502
0.0005
0.000503
0.000504
0.000501
0.000504
0.000501
0.000502
0.000526
0.000523
0.000502
0.000535
0.000501
0.000505
0.0005
0.000503
0.000499
0.00051
0.000504
0.000505
0.0005
0.000502
0.000532
0.000513
0.000518
0.000515
0.000517
0.000517
0.000514
0.000515
0.000515
0.000531
0.000501
0.000517
0.000531
0.000518
0.000517
0.000502
0.000501
0.000504
0.0005
0.0005
0.000534
0.0005
0.000502
0.0005
0.000501
0.000502
0.000531
0.000503
0.000512
0.000501
0.000506
0.0005
0.000502
0.000508
0.000502
0.000501
0.000532
0.000517
0.000554
0.000503
0.000517
0.000545
0.000502
0.000501
0.000533
0.000501
0.000509
0.0005
0.0005
0.000502
0.000501
0.000502
0.000516
0.000501
0.000501
0.000503
0.000501
0.000506
0.0005
0.000536
0.000509
0.000502
0.000503
0.000501
0.000519
0.000518
0.00052
0.000535
0.000501
0.000531
0.000505
0.000516
0.000516
0.000503
0.0005
0.000578
0.000502
0.000502
0.000502
0.000501
0.000502
0.000569
0.000504
0.000535
0.000502
0.0005
0.000502
0.0005
0.000502
0.000501
0.000503
0.000536
0.000503
0.000506
0.000502
0.0005
0.000502
0.000502
0.000541
0.000504
0.000501
0.000531
0.000502
0.000519
0.000517
0.0005
0.000535
0.000505
0.000501
0.000501
0.000505
0.000501
0.000505
0.000501
0.000531
0.000502
0.000501
0.000506
0.000503
0.000503
0.000502
0.000501
0.000529
0.000503
0.000501
0.000509
0.000501
0.000503
0.000501
0.000501
0.000506
0.000508
0.000516
0.000517
0.000502
0.000501
0.00052
0.00052
0.000529
0.000502
0.000504
0.000538
0.000501
0.00052
0.00052
0.000503
0.000502
0.000505
0.000501
0.000504
0.000501
0.0005
0.000502
0.000531
0.000503
0.000501
0.000502
0.000505
0.000508
0.000501
0.000505
0.000505
0.000502
0.000501
0.000535
0.000502
0.000502
0.000501
0.000502
0.00053
0.000502
0.0005
0.000502
0.000502
0.000502
0.0005
0.000505
0.000506
0.000504
0.000502
0.0005
0.000524
0.000512
0.00052
0.000501
0.000531
0.000508
0.000502
0.0005
0.000506
0.000501
0.000509
0.000501
0.000504
0.000502
0.000501
0.000535
0.000505
0.0005
0.000506
0.000529
0.000522
0.000524
0.000502
0.0005
0.000501
0.0005
0.000508
0.000506
0.000503
0.000531
0.000501
0.000501
0.000504
0.000502
0.000504
0.000531
0.000501
0.000506
0.000501
0.000502
0.000502
0.00053
0.000504
0.000506
0.0005
0.000503
0.000501
0.000531
0.000537
0.000502
0.000502
0.000531
0.000501
0.000504
0.0005
0.000505
0.000501
0.000502
0.000502
0.000505
0.000501
0.000504
0.000502
0.000503
0.000501
0.000501
0.000505
0.000532
0.000501
0.000503
0.000502
0.000501
0.000501
0.000499
0.000504
0.000503
0.000501
0.000502
0.000501
0.000524
0.000513
0.000521
0.000535
