0.00187
0.000839
0.000314
0.000316
0.000316
0.000314
0.000314
0.000315
0.00032
0.000314
0.000314
0.000318
0.000318
0.000315
0.000313
0.000327
0.000318
0.000314
0.000315
0.000317
0.000323
0.000314
0.000313
0.000316
0.000315
0.000314
0.000314
0.000312
0.000315
0.000313
0.000313
0.000314
0.000315
0.000314
0.000314
0.000315
0.000319
0.000317
0.000315
0.000314
0.000316
0.00032
0.00032
0.000315
0.000316
0.000315
0.000315
0.000314
0.000316
0.000317
0.000316
0.000314
0.000316
0.000314
0.000315
0.000328
0.000318
0.000314
0.000313
0.000314
0.000315
0.000318
0.000315
0.000314
0.000317
0.000314
0.000315
0.000315
0.000316
0.000314
0.000314
0.00032
0.000317
0.000315
0.00032
0.000316
0.000316
0.000315
0.000313
0.000314
0.000317
0.000314
0.000315
0.000313
0.000317
0.000315
0.000316
0.000317
0.000317
0.000315
0.000314
0.000314
0.000316
0.000313
0.000313
0.000315
0.000317
0.000316
0.000314
0.000317
0.000317
0.000318
0.000314
0.000315
0.000318
0.000315
0.000315
0.000314
0.000316
0.000319
0.000314
0.000318
0.000316
0.000317
0.000313
0.000317
0.000315
0.000313
0.000318
0.000315
0.000314
0.000313
0.000315
0.000317
0.000315
0.000322
0.000315
0.000316
0.000314
0.000315
0.000319
0.00032
0.000314
0.00032
0.000315
0.000317
0.000315
0.000315
0.000313
0.000319
0.000313
0.000315
0.000332
0.000319
0.000313
0.000314
0.000314
0.000317
0.000314
0.000314
0.00032
0.000317
0.000314
0.000314
0.000314
0.000315
0.000315
0.000313
0.000315
0.000316
0.000315
0.000315
0.000316
0.000317
0.000315
0.000315
0.000315
0.000316
0.00032
0.000317
0.000315
0.000316
0.000314
0.000315
0.000314
0.000323
0.000313
0.000319
0.000314
0.000317
0.000314
0.000315
0.000314
0.000317
0.000314
0.000315
0.000314
0.000316
0.000317
0.000315
0.000315
0.000315
0.000315
0.000314
0.000316
0.000318
0.000313
0.000314
0.000315
0.000316
0.000318
0.000314
0.000315
0.000317
0.000314
0.000314
0.000314
0.000317
0.000315
0.000314
0.000314
0.000316
0.000315
0.000317
0.000314
0.00032
0.000312
0.000315
0.000314
0.000317
0.000314
0.000313
0.000314
0.000318
0.000315
0.000314
0.000318
0.000316
0.000315
0.000315
0.000314
0.000316
0.000315
0.000314
0.000314
0.000316
0.000319
0.000316
0.000317
0.000316
0.000315
0.000314
0.000314
0.000316
0.000315
0.000313
0.000314
0.000317
0.000314
0.000315
0.000312
0.000319
0.000313
0.000319
0.000314
0.000316
0.000314
0.000315
0.000315
0.000321
0.00032
0.000314
0.000315
0.000318
0.000314
0.000313
0.000316
0.000316
0.000314
0.000315
0.000316
0.000316
0.000314
0.000315
0.000317
0.000313
0.000319
0.000314
0.000321
0.000318
0.000314
0.000314
0.000318
0.000319
0.000313
0.000314
0.000317
0.000317
0.000315
0.000316
0.000315
0.000315
0.000315
0.000314
0.000316
0.000313
0.000315
0.000314
0.000316
0.000313
0.000318
0.000335
0.000321
0.000341
0.000317
0.000315
0.000317
0.000314
0.000316
0.000314
0.000317
0.000313
0.000315
0.000314
0.00032
0.000315
0.000316
0.000315
0.000316
0.000314
0.000314
0.000315
0.000316
0.000315
0.000314
0.000315
0.000318
0.000321
0.000314
0.000317
0.000317
0.000314
0.000315
0.000318
0.000321
0.000316
0.000315
0.000314
0.000317
0.000317
0.000315
0.000314
0.000318
0.000314
0.000314
0.000314
0.00032
0.000314
0.000314
0.000313
0.000318
0.000315
0.000318
0.000315
0.000315
0.000316
0.000314
0.000315
0.000316
0.000315
0.000314
0.000315
0.000317
0.000314
0.000317
0.000315
0.000316
0.000315
0.000312
0.000313
0.000316
0.000314
0.000314
0.000313
0.000315
0.000314
0.000314
0.000317
0.000315
0.000314
0.000318
0.000313
0.000316
0.000314
0.000318
0.000315
0.000317
0.000314
0.000313
0.000319
0.00032
0.000315
0.000314
0.000314
0.000316
0.000314
0.000315
0.000316
0.000316
0.000313
0.000315
0.000315
0.00032
0.000314
0.000315
0.000316
0.000317
0.000314
0.000313
0.000314
0.00032
0.000315
0.000314
0.000313
0.000317
0.000315
0.000315
0.000314
0.000317
0.000314
0.000315
0.000314
0.000317
0.000314
0.000314
0.000314
0.000316
0.000314
0.000318
0.000315
0.000317
0.000315
0.000314
0.000314
0.000317
0.000314
0.000314
0.000313
0.000316
0.000315
0.000316
0.000317
0.000314
0.000315
0.000315
0.000316
0.000315
0.000313
0.000318
0.000316
0.000314
0.000314
0.000313
0.000319
0.000314
0.000315
0.000315
0.000314
0.000333
0.000316
0.000315
0.000317
0.000313
0.000314
0.000314
0.000317
0.000318
0.000313
0.000314
0.000316
0.000314
0.000315
0.000314
0.000316
0.000315
0.000314
0.000314
0.000315
0.000318
0.000315
0.000314
0.000316
0.000318
0.000316
0.000315
0.000315
0.000316
0.000313
0.000315
0.000314
0.000319
0.000316
0.000315
0.000316
0.000315
0.000315
0.000313
0.000316
0.000314
0.000315
