0.001507
0.000244
0.000242
0.000242
0.000259
0.000246
0.000246
0.000245
0.000246
0.000252
0.000248
0.000247
0.000245
0.000247
0.000245
0.000251
0.000246
0.000246
0.000246
0.000247
0.00025
0.000247
0.000255
0.000248
0.000248
0.000251
0.000246
0.000246
0.000247
0.000249
0.000247
0.00025
0.000247
0.000247
0.000249
0.000245
0.00025
0.000246
0.000258
0.000249
0.000247
0.000252
0.000248
0.000246
0.000248
0.000249
0.000245
0.000262
0.000274
0.00025
0.000246
0.000246
0.000255
0.000254
0.000249
0.000248
0.000278
0.000257
0.000248
0.000247
0.000247
0.000246
0.000246
0.000248
0.000248
0.000247
0.000246
0.000245
0.00025
0.000249
0.000245
0.000246
0.000248
0.000258
0.00025
0.000246
0.000246
0.000246
0.000247
0.000248
0.000245
0.000246
0.000245
0.000246
0.000248
0.000247
0.00036
0.000251
0.000246
0.000261
0.000247
0.000246
0.000246
0.000267
0.000251
0.000246
0.000246
0.000246
0.000249
0.000246
0.000252
0.000247
0.000247
0.000248
0.000245
0.00026
0.000248
0.000246
0.000248
0.000245
0.000252
0.000249
0.000246
0.000248
0.000245
0.000251
0.000251
0.000246
0.000248
0.000247
0.000246
0.000251
0.000246
0.000248
0.000246
0.000247
0.00025
0.000246
0.000251
0.000246
0.000247
0.000252
0.000249
0.000248
0.000247
0.000245
0.000247
0.00025
0.000248
0.000246
0.000246
0.000247
0.000249
0.000248
0.000246
0.000246
0.000246
0.000246
0.000247
0.000247
0.000246
0.000245
0.000246
0.000261
0.000246
0.000245
0.000246
0.000245
0.000251
0.000247
0.000245
0.000246
0.000246
0.000251
0.000246
0.000246
0.000247
0.000246
0.000253
0.000254
0.000248
0.000247
0.000246
0.000247
0.000249
0.000247
0.000246
0.000247
0.000247
0.000253
0.000246
0.000245
0.000247
0.000247
0.00025
0.00025
0.000246
0.000245
0.000247
0.000246
0.00025
0.000247
0.000246
0.000247
0.000245
0.000247
0.000251
0.000246
0.000247
0.000245
0.000251
0.00025
0.000246
0.000247
0.000246
0.000251
0.00025
0.000247
0.000247
0.000247
0.000246
0.00025
0.000245
0.000248
0.000245
0.000246
0.00025
0.00025
0.000247
0.000245
0.000246
0.000247
0.000247
0.000247
0.000246
0.000246
0.000247
0.000246
0.000247
0.000246
0.000246
0.000246
0.000252
0.000254
0.000247
0.000246
0.000245
0.000254
0.00025
0.000247
0.000246
0.000246
0.000246
0.000249
0.000247
0.000246
0.000246
0.000247
0.000259
0.000258
0.000246
0.000246
0.000246
0.00025
0.000246
0.000246
0.000247
0.000245
0.000253
0.000249
0.000248
0.000246
0.000246
0.000247
0.000247
0.000246
0.000257
0.000246
0.000246
0.000251
0.000245
0.000246
0.000245
0.000247
0.000253
0.00025
0.000247
0.000248
0.000246
0.000245
0.000246
0.000247
0.00025
0.000246
0.000245
0.000249
0.000247
0.000248
0.000246
0.000246
0.000247
0.000253
0.000241
0.00024
0.000241
0.000244
0.000244
0.000241
0.000252
0.00024
0.00024
0.000241
0.000241
0.000242
0.00024
0.000241
0.000246
0.000243
0.00024
0.00024
0.00024
0.000245
0.000269
0.000241
0.00027
0.00024
0.000241
0.000241
0.00024
0.000241
0.000241
0.00024
0.000244
0.00024
0.000269
0.00024
0.000241
0.000241
0.000241
0.000239
0.000241
0.000244
0.000241
0.000241
0.000241
0.000239
0.00024
0.000242
0.000245
0.000242
0.00024
0.000241
0.00024
0.000247
0.00024
0.000242
0.00024
0.00027
0.000247
0.000243
0.000242
0.000241
0.000258
0.000246
0.00025
0.000246
0.000245
0.000256
0.000241
0.000244
0.000241
0.000241
0.000242
0.000245
0.000241
0.00024
0.00024
0.000241
0.00024
0.00024
0.000242
0.00024
0.000241
0.00024
0.00024
0.000247
0.000241
0.000241
0.00024
0.000241
0.000299
0.000241
0.000241
0.00024
0.000242
0.000245
0.000244
0.000242
0.000242
0.00024
0.00024
0.00024
0.00027
0.000241
0.00024
0.00024
0.000246
0.000242
0.000239
0.00024
0.00024
0.000242
0.000242
0.00024
0.00024
0.000241
0.00024
0.000244
0.000241
0.000241
0.00024
0.000241
0.000257
0.000254
0.00024
0.00024
0.000241
0.000245
0.000241
0.000241
0.000241
0.00024
0.000258
0.000254
0.000241
0.00024
0.000242
0.000241
0.000241
0.000245
0.000241
0.00027
0.00024
0.000241
0.00024
0.000259
0.000245
0.000246
0.000259
0.000243
0.000242
0.000241
0.000283
0.000242
0.000243
0.00027
0.00024
0.000241
0.000268
0.000272
0.000241
0.000241
0.000241
0.000241
0.000245
0.000241
0.000243
0.00024
0.000241
0.000255
0.000255
0.000247
0.000241
0.00024
0.00024
0.000245
0.000241
0.00024
0.00024
0.000241
0.000244
0.000243
0.00024
0.000242
0.00024
0.00024
0.000241
0.00027
0.000242
0.000239
0.00024
0.000244
0.000241
0.00024
0.00024
0.00024
0.000245
0.000241
0.000256
0.000253
0.000241
0.000264
0.000246
0.000258
0.000241
0.000241
0.000241
0.000247
0.000241
0.00024
