0.002045
0.000384
0.00038
0.000381
0.000379
0.00038
0.000383
0.00038
0.000381
0.000378
0.000379
0.000381
0.000378
0.000379
0.00048
0.000375
0.000371
0.000396
0.000381
0.000412
0.00037
0.000372
0.000371
0.00037
0.000375
0.000393
0.000377
0.000382
0.000382
0.000378
0.000379
0.000385
0.000378
0.000379
0.000382
0.000378
0.000379
0.000377
0.000389
0.000381
0.000378
0.000382
0.000379
0.000378
0.000381
0.000378
0.000379
0.000379
0.000382
0.000379
0.000378
0.00038
0.000385
0.00038
0.000379
0.000379
0.000382
0.000377
0.000381
0.000381
0.000378
0.000381
0.000379
0.000379
0.000381
0.000378
0.000386
0.000379
0.000382
0.000383
0.00038
0.00038
0.000378
0.000384
0.000381
0.000379
0.000377
0.000383
0.000381
0.000377
0.000387
0.00038
0.000379
0.000379
0.000383
0.000378
0.000379
0.000382
0.00038
0.00038
0.000384
0.000384
0.00038
0.000377
0.000382
0.000378
0.000378
0.000381
0.000379
0.000379
0.000379
0.000384
0.000378
0.000379
0.00038
0.000379
0.000379
0.00038
0.00038
0.000378
0.000379
0.000387
0.000383
0.000378
0.000381
0.000379
0.000378
0.000381
0.000377
0.000387
0.000378
0.000381
0.000382
0.000379
0.000381
0.000379
0.000382
0.00038
0.00038
0.000378
0.000385
0.000378
0.00038
0.00038
0.00038
0.000378
0.000383
0.000472
0.000392
0.000381
0.000386
0.000378
0.00038
0.000381
0.000382
0.000379
0.000378
0.000386
0.000378
0.000379
0.000382
0.000385
0.000379
0.000381
0.000385
0.000379
0.000379
0.000381
0.000383
0.000378
0.000381
0.000379
0.000377
0.000383
0.000383
0.000377
0.000378
0.000381
0.000384
0.000382
0.000381
0.000378
0.000383
0.000378
0.000382
0.000383
0.000382
0.000381
0.00038
0.000381
0.00038
0.00038
0.000378
0.000385
0.000379
0.000379
0.000382
0.000381
0.000378
0.000378
0.000381
0.000378
0.000378
0.000382
0.000379
0.000383
0.000378
0.000383
0.000378
0.000378
0.000382
0.000378
0.000378
0.000381
0.00038
0.000382
0.000379
0.000384
0.00038
0.000379
0.000379
0.00038
0.000378
0.000379
0.000383
0.000378
0.000383
0.00038
0.000381
0.000378
0.000379
0.000378
0.00038
0.000379
0.000378
0.000379
0.000379
0.00038
0.000385
0.000381
0.000381
0.00038
0.000379
0.00038
0.000378
0.000378
0.00038
0.000382
0.000378
0.000383
0.000381
0.000378
0.000381
0.000379
0.000378
0.000378
0.000383
0.000381
0.000378
0.000378
0.00038
0.000379
0.000378
0.000383
0.000379
0.000378
0.000379
0.000379
0.000383
0.000378
0.000383
0.00038
0.000377
0.00038
0.000382
0.000377
0.00038
0.000379
0.00038
0.000378
0.00038
0.000381
0.000379
0.000379
0.000381
0.00038
0.00038
0.000377
0.000381
0.000381
0.000379
0.00038
0.000378
0.000379
0.000379
0.000379
0.00038
0.000379
0.000384
0.000384
0.000378
0.000379
0.00038
0.000379
0.000378
0.000384
0.000383
0.00038
0.000379
0.000386
0.000383
0.000378
0.000384
0.000382
0.000379
0.000378
0.000381
0.000377
0.000379
0.00038
0.00038
0.00038
0.000377
0.000379
0.000379
0.000378
0.000379
0.000379
0.000378
0.000379
0.000383
0.000383
0.000379
0.000379
0.000381
0.000378
0.000379
0.000381
0.000379
0.000379
0.000378
0.000381
0.000378
0.00038
0.000379
0.000388
0.000371
0.00037
0.000375
0.000372
0.000384
0.000391
0.000403
0.000369
0.000384
0.000393
0.000371
0.00037
0.000376
0.000371
0.00037
0.000369
0.000373
0.000403
0.000369
0.00037
0.000371
0.00037
0.000369
0.000375
0.000368
0.000369
0.0004
0.000401
0.00037
0.00037
0.000374
0.00037
0.000369
0.0004
0.00037
0.00037
0.000371
0.000374
0.000402
0.000371
0.000371
0.00037
0.000371
0.000369
0.00037
0.000371
0.00037
0.000369
0.000389
0.000382
0.000371
0.00037
0.000369
0.000372
0.000369
0.000369
0.000391
0.000378
0.00039
0.0004
0.00037
0.000369
0.000374
0.00037
0.00037
0.000371
0.000371
0.00037
0.000369
0.000371
0.000401
0.000369
0.000372
0.000372
0.000369
0.00037
0.000375
0.000386
0.000379
0.000396
0.000398
0.000372
0.000369
0.000374
0.000371
0.000369
0.000379
0.000373
0.00037
0.000372
0.000371
0.000373
0.00037
0.000376
0.000372
0.000371
0.000371
0.000374
0.00037
0.000372
0.00037
0.00037
0.000398
0.000372
0.00037
0.000369
0.000371
0.000374
0.000374
0.000373
0.00037
0.000371
0.000402
0.00037
0.000399
0.00037
0.000371
0.000371
0.000374
0.000371
0.00037
0.00037
0.000398
0.000401
0.00037
0.000369
0.000372
0.000369
0.00037
0.000374
0.000369
0.00037
0.000386
0.000381
0.000379
0.000378
0.000382
0.000378
0.000378
0.00038
0.000378
0.000378
0.00038
0.000379
0.00038
0.00038
0.000379
0.000379
0.000379
0.000378
0.000381
0.000378
0.000379
0.000379
0.000381
0.000378
0.00038
0.000379
0.000378
0.000379
0.000383
0.000378
0.000379
0.000379
