0.001195
0.00111
0.001199
0.001588
0.001785
0.001965
0.002187
0.002168
0.001891
0.000645
0.000521
0.000521
0.00052
0.000535
0.000521
0.000521
0.00052
0.00052
0.00052
0.00057
0.000664
0.000668
0.000671
0.000669
0.000673
0.000659
0.00066
0.000672
0.000619
0.000584
0.000565
0.000571
0.000598
0.000564
0.000528
0.00052
0.000528
0.000522
0.00052
0.00053
0.000527
0.000538
0.000549
0.000522
0.000521
0.00052
0.000521
0.000519
0.000525
0.000521
0.000519
0.000519
0.00052
0.000628
0.000654
0.000657
0.000656
0.000656
0.000653
0.000654
0.000655
0.000665
0.000656
0.000655
0.000654
0.000654
0.000653
0.000654
0.000659
0.000619
0.000521
0.00052
0.00052
0.00052
0.00052
0.000525
0.00052
0.000521
0.00052
0.00052
0.000521
0.000521
0.00052
0.000521
0.000519
0.000519
0.00052
0.00052
0.00052
0.00052
0.000522
0.00052
0.00052
0.00052
0.000519
0.00052
0.00052
0.000519
0.000524
0.000521
0.00052
0.00053
0.00052
0.00052
0.000519
0.00052
0.000522
0.00052
0.00052
0.000519
0.000519
0.00052
0.00052
0.000524
0.000521
0.00052
0.00052
0.00052
0.00052
0.00052
0.00052
0.000523
0.000521
0.00052
0.00052
0.000519
0.00052
0.000519
0.000519
0.000523
0.00052
0.000521
0.00052
0.00053
0.000521
0.00052
0.000522
0.00052
0.000519
0.00052
0.00052
0.00052
0.00052
0.000519
0.000522
0.000519
0.00052
0.00052
0.00052
0.000519
0.00052
0.00052
0.000522
0.00052
0.00052
0.000519
0.000519
0.00052
0.000521
0.000523
0.00052
0.000519
0.000521
0.000521
0.00052
0.000531
0.00052
0.000523
0.00052
0.000519
0.00052
0.000519
0.000519
0.00052
0.000519
0.000523
0.000521
0.00052
0.00052
0.00052
0.000519
0.000519
0.000522
0.00052
0.00052
0.000521
0.000519
0.000519
0.00052
0.00052
0.000524
0.00052
0.000519
0.000519
0.00052
0.00052
0.00052
0.000529
0.000522
0.000519
0.000519
0.00052
0.000519
0.00052
0.000519
0.000522
0.000519
0.000519
0.00052
0.000519
0.000519
0.000519
0.000518
0.000524
0.000521
0.000519
0.000519
0.000519
0.000519
0.00052
0.000519
0.000523
0.000519
0.00052
0.00052
0.000519
0.000519
0.000519
0.000519
0.000532
0.00052
0.00052
0.00052
0.000519
0.00052
0.00052
0.000524
0.00052
0.00052
0.000518
0.000519
0.000519
0.00052
0.00052
0.000522
0.00052
0.000519
0.00052
0.00052
0.00052
0.00052
0.00052
0.000524
0.00052
0.00052
0.00052
0.00052
0.000519
0.000519
0.000522
0.000521
0.00053
0.00052
0.000519
0.000519
0.000519
0.000519
0.000523
0.000521
0.00052
0.00052
0.00052
0.000519
0.00052
0.000519
0.000522
0.00052
0.000519
0.000519
0.00052
0.000519
0.000521
0.000524
0.000519
0.00052
0.00052
0.00052
0.00052
0.00052
0.00052
0.000523
0.00052
0.00052
0.000529
0.00052
0.000521
0.00052
0.00052
0.000522
0.00052
0.000519
0.000519
0.00052
0.00052
0.00052
0.000523
0.000521
0.000521
0.00052
0.000521
0.00052
0.000519
0.00052
0.000523
0.000521
0.00052
0.00052
0.000521
0.000519
0.000519
0.000519
0.000521
0.00052
0.00052
0.00052
0.000529
0.000521
0.00052
0.000523
0.00052
0.000519
0.00052
0.00052
0.00052
0.00052
0.00052
0.000522
0.00052
0.00052
0.000521
0.00052
0.00052
0.00052
0.00052
0.000522
0.000519
0.00052
0.00052
0.00052
0.000521
0.00052
0.000523
0.000521
0.00052
0.00052
0.000519
0.00052
0.000529
0.000521
0.000522
0.000521
0.000519
0.00052
0.00052
0.00052
0.000518
0.00052
0.000521
0.00052
0.000519
0.000519
0.000519
0.00052
0.000521
0.000524
0.00052
0.00052
0.00052
0.000519
0.000519
0.00052
0.00052
0.000522
0.00052
0.000519
0.00052
0.00052
0.000521
0.00052
0.000529
0.000524
0.00052
0.00052
0.000519
0.00052
0.00052
0.00052
0.000521
0.00052
0.000519
0.00052
0.00052
0.00052
0.00052
0.000522
0.000525
0.00052
0.000519
0.00052
0.00052
0.00052
0.000526
0.000521
0.000522
0.000519
0.000518
0.00052
0.00052
0.000519
0.00052
0.00052
0.000532
0.000521
0.00052
0.00052
0.000519
0.000519
0.00052
0.000522
0.000519
0.000519
0.000519
0.000519
0.00052
0.000519
0.000519
0.000523
0.00052
0.00052
0.000519
0.000519
0.00052
0.000519
0.00052
0.000522
0.00052
0.00052
0.00052
0.000519
0.000518
0.00052
0.000523
0.00052
0.000529
0.00052
0.000519
0.00052
0.00052
0.00052
0.000524
0.00052
0.000519
0.000519
0.00052
0.000519
0.000519
0.00052
0.000523
0.000519
0.000519
0.000519
0.000519
0.00052
0.00052
0.000522
0.000519
0.000519
0.000521
0.000519
0.00052
0.00052
0.000519
0.000523
0.000519
0.00052
0.00053
0.00052
0.000519
0.00052
0.00052
0.000522
0.000519
0.000519
0.000518
0.00052
0.00052
0.00052
0.000524
0.000519
0.00052
