0.001244
0.001064
0.000571
0.000185
0.000186
0.000186
0.000186
0.000185
0.000185
0.000185
0.000186
0.000188
0.000186
0.000186
0.000186
0.000186
0.000185
0.000185
0.000186
0.000186
0.000186
0.000185
0.000185
0.000202
0.00023
0.000209
0.000261
0.000202
0.000186
0.000186
0.000186
0.000235
0.000227
0.000273
0.000201
0.000213
0.000186
0.000186
0.000186
0.000186
0.000186
0.000202
0.00019
0.00019
0.000189
0.00019
0.000198
0.000185
0.000185
0.000186
0.000204
0.000196
0.000191
0.00019
0.00019
0.00019
0.000189
0.000189
0.00019
0.00019
0.00019
0.00019
0.00019
0.00019
0.00019
0.000189
0.00019
0.00019
0.00019
0.00019
0.00019
0.00019
0.000195
0.000191
0.00019
0.00019
0.00019
0.00019
0.00019
0.000189
0.00019
0.00019
0.00019
0.000189
0.00019
0.00019
0.00019
0.00019
0.00019
0.00019
0.00019
0.00019
0.000189
0.000194
0.00019
0.00019
0.00019
0.00019
0.000189
0.000189
0.00019
0.00019
0.00019
0.00019
0.00019
0.000211
0.000267
0.000192
0.00019
0.000191
0.00019
0.00019
0.00019
0.000189
0.000194
0.000191
0.00019
0.00019
0.00019
0.00019
0.00019
0.00019
0.00019
0.000189
0.000189
0.000189
0.000189
0.000189
0.00019
0.00019
0.00019
0.000191
0.00019
0.00019
0.00019
0.000196
0.00019
0.000189
0.00019
0.000189
0.00019
0.00019
0.00019
0.00019
0.000189
0.00019
0.00019
0.00019
0.000189
0.000191
0.000189
0.00019
0.00019
0.00019
0.00019
0.00019
0.000193
0.00019
0.000189
0.00019
0.00019
0.00019
0.00019
0.00019
0.000189
0.000189
0.00019
0.000189
0.000189
0.000191
0.00019
0.00019
0.000191
0.00019
0.00019
0.00019
0.00019
0.000193
0.00019
0.00019
0.00019
0.00019
0.00019
0.000191
0.00019
0.000189
0.000189
0.00019
0.000189
0.00019
0.000189
0.000189
0.000189
0.000189
0.00019
0.00019
0.000189
0.000189
0.000193
0.00019
0.00019
0.00019
0.00019
0.00019
0.00019
0.00019
0.00019
0.00019
0.00019
0.00019
0.00019
0.000189
0.000189
0.00019
0.00019
0.00019
0.000189
0.00019
0.00019
0.000197
0.00019
0.00019
0.000189
0.000189
0.00019
0.00019
0.000191
0.00019
0.00019
0.00019
0.00019
0.00019
0.00019
0.00019
0.000189
0.00019
0.00019
0.00019
0.00019
0.000189
0.000193
0.00019
0.00019
0.00019
0.00019
0.00019
0.00019
0.00019
0.00019
0.000189
0.000189
0.000189
0.00019
0.00019
0.00019
0.000191
0.00019
0.00019
0.00019
0.00019
0.000189
0.000202
0.000195
0.00019
0.00019
0.00019
0.00019
0.00019
0.000189
0.000189
0.000189
0.00019
0.00019
0.00019
0.00019
0.00019
0.00019
0.000189
0.00019
0.000189
0.00019
0.000189
0.000192
0.00019
0.00019
0.00019
0.00019
0.00019
0.00019
0.00019
0.00019
0.00019
0.00019
0.00019
0.000189
0.000189
0.00019
0.00019
0.00019
0.00019
0.00019
0.00019
0.00019
0.000198
0.00019
0.00019
0.00019
0.00019
0.000189
0.00019
0.00019
0.000189
0.000189
0.00019
0.00019
0.00019
0.00019
0.00019
0.00019
0.00019
0.00019
0.00019
0.00019
0.00019
0.000192
0.00019
0.000189
0.000189
0.000189
0.000189
0.000189
0.000189
0.00019
0.00019
0.00019
0.00019
0.00019
0.000191
0.00019
0.00019
0.00019
0.00019
0.00019
0.00019
0.00019
0.000194
0.00019
0.00019
0.000189
0.00019
0.00019
0.000191
0.000189
0.00019
0.00019
0.00019
0.00019
0.00019
0.000189
0.000189
0.000189
0.00019
0.000189
0.000189
0.000189
0.000189
0.000191
0.000189
0.00019
0.00019
0.00019
0.000189
0.000189
0.000189
0.00019
0.000189
0.00019
0.00019
0.00019
0.00019
0.00019
0.00019
0.00019
0.00019
0.00019
0.00019
0.00019
0.000194
0.00019
0.000189
0.000189
0.000189
0.000189
0.00019
0.00019
0.00019
0.00019
0.00019
0.000189
0.000189
0.000189
0.000189
0.000189
0.000189
0.000189
0.00019
0.00019
0.00019
0.000192
0.000197
0.000194
0.00019
0.000191
0.00019
0.0002
0.0002
0.000198
0.000186
0.000186
0.000186
0.000185
0.000212
0.000185
0.000185
0.000185
0.000185
0.000186
0.000186
0.000185
0.00019
0.000185
0.000185
0.000185
0.000186
0.000202
0.000189
0.00019
0.00019
0.000202
0.000186
0.000186
0.000186
0.000186
0.000185
0.000186
0.000185
0.000185
0.000185
0.000185
0.000186
0.000217
0.000186
0.000186
0.000186
0.000185
0.000185
0.000186
0.000186
0.000185
0.000185
0.000186
0.000186
0.000185
0.000186
0.000186
0.000201
0.000198
0.000186
0.000186
0.000185
0.000185
0.00019
0.000186
0.000213
0.000186
0.000185
0.000185
0.000185
0.000186
0.000185
0.000186
0.000185
0.000185
0.000185
0.000185
0.000186
0.000185
0.000185
0.000213
0.000185
0.000185
0.000186
0.000215
0.000186
0.000186
0.000186
0.000186
0.000185
0.000185
0.000185
