0.004032
0.003867
0.001221
0.000693
0.000689
0.000691
0.000688
0.000689
0.000688
0.000689
0.000691
0.000687
0.000687
0.000688
0.000687
0.000686
0.00069
0.000688
0.000687
0.000687
0.000687
0.000687
0.000692
0.000687
0.000686
0.000687
0.000686
0.000687
0.00069
0.000687
0.000687
0.000686
0.000687
0.000687
0.00069
0.000688
0.000688
0.000686
0.000687
0.000686
0.000689
0.00069
0.000721
0.000702
0.000672
0.000701
0.000672
0.000671
0.000672
0.000697
0.0007
0.000702
0.000687
0.000686
0.000686
0.000686
0.000687
0.00069
0.000687
0.000687
0.000687
0.000688
0.000686
0.000691
0.000688
0.000687
0.000686
0.000686
0.000687
0.000689
0.000687
0.000688
0.000687
0.000687
0.000692
0.000687
0.000686
0.000687
0.000712
0.00069
0.000693
0.000688
0.000687
0.000687
0.000687
0.000687
0.000691
0.000687
0.000686
0.000686
0.000687
0.000686
0.00069
0.000688
0.000686
0.000687
0.000687
0.000687
0.000693
0.000688
0.000686
0.000691
0.000688
0.000755
0.000747
0.000692
0.000689
0.000688
0.000687
0.000691
0.000688
0.000687
0.000688
0.000688
0.000688
0.00069
0.000688
0.000687
0.000688
0.000687
0.000688
0.000691
0.000688
0.000687
0.000687
0.000687
0.00069
0.000688
0.000688
0.000688
0.000687
0.000687
0.00069
0.000687
0.000688
0.000687
0.000688
0.000688
0.000692
0.000688
0.000688
0.000687
0.000686
0.000687
0.000691
0.000687
0.000689
0.000687
0.000688
0.000687
0.00069
0.000687
0.000687
0.000687
0.000687
0.000687
0.00069
0.000687
0.000687
0.000688
0.000687
0.00069
0.000687
0.000686
0.000687
0.000688
0.000687
0.00069
0.000688
0.000688
0.000687
0.000687
0.000687
0.00069
0.000687
0.000686
0.000688
0.000687
0.000688
0.000689
0.000686
0.000687
0.000687
0.000688
0.000687
0.000689
0.000687
0.000687
0.000687
0.000688
0.000691
0.000688
0.000688
0.000687
0.000687
0.000687
0.000691
0.000687
0.000686
0.000687
0.000687
0.000687
0.000696
0.000673
0.000671
0.000671
0.000671
0.000671
0.00073
0.000699
0.000672
0.000672
0.000672
0.000672
0.000676
0.000672
0.000672
0.000672
0.000673
0.0007
0.000702
0.000673
0.000672
0.000699
0.000671
0.000672
0.000674
0.000671
0.000686
0.000687
0.000689
0.000701
0.000672
0.000672
0.000672
0.000687
0.000685
0.000674
0.000672
0.000672
0.000672
0.000672
0.000672
0.000702
0.000672
0.000672
0.000692
0.000718
0.000672
0.000675
0.000672
0.000672
0.000671
0.000672
0.000671
0.000701
0.000673
0.000671
0.000673
0.000706
0.000672
0.000674
0.000671
0.000672
0.000673
0.000672
0.000672
0.000701
0.0007
0.000671
0.000671
0.000672
0.0007
0.000674
0.000672
0.000671
0.000672
0.000672
0.000672
0.000701
0.000673
0.000671
0.000672
0.000671
0.000675
0.000671
0.000672
0.000688
0.000687
0.000688
0.000701
0.000671
0.000699
0.000702
0.000672
0.000699
0.00072
0.000672
0.000672
0.000672
0.000671
0.000672
0.000701
0.000672
0.000672
0.000673
0.000672
0.000672
0.000676
0.000672
0.000707
0.000673
0.000673
0.000672
0.000702
0.000672
0.000672
0.0007
0.000699
0.000672
0.000674
0.0007
0.0007
0.000672
0.000671
0.000671
0.000701
0.000673
0.000672
0.000671
0.000672
0.000674
0.000671
0.000673
0.000671
0.0007
0.000672
0.000701
0.000671
0.000672
0.000672
0.000699
0.000673
0.000674
0.000671
0.00073
0.000687
0.000698
0.00067
0.000701
0.000672
0.000672
0.000672
0.000671
0.000672
0.000675
0.000672
0.000673
0.000672
0.000673
0.000672
0.000701
0.000672
0.000672
0.000672
0.000671
0.000699
0.000675
0.000672
0.000671
0.000699
0.000672
0.000673
0.000702
0.000672
0.000686
0.000687
0.00069
0.000674
0.000672
0.000673
0.000671
0.000672
0.000701
0.000702
0.000672
0.000672
0.000672
0.000671
0.000671
0.000702
0.000671
0.000671
0.000691
0.000718
0.000672
0.000702
0.000672
0.000672
0.000671
0.000671
0.000673
0.000675
0.000671
0.000672
0.000672
0.000706
0.000671
0.000701
0.000672
0.000671
0.000672
0.000671
0.000672
0.000675
0.000699
0.000672
0.000671
0.000671
0.000699
0.0007
0.000671
0.000673
0.000671
0.000671
0.000672
0.000674
0.000673
0.000673
0.000672
0.000672
0.000688
0.000684
0.000671
0.000687
0.000687
0.000687
0.000674
0.000671
0.000698
0.000672
0.000672
0.000699
0.000748
0.000671
0.000672
0.000672
0.000672
0.000673
0.000675
0.000672
0.000671
0.000673
0.000671
0.000671
0.000701
0.000672
0.000671
0.00067
0.000672
0.000672
0.000675
0.000672
0.000672
0.000698
0.000699
0.000672
0.000707
0.0007
0.000672
0.000672
0.000672
0.000672
0.000673
0.000673
0.000671
0.000672
0.000671
0.000671
0.000702
0.000672
0.000672
0.000695
0.000687
0.000674
0.000672
0.000672
0.000673
0.000699
0.000671
0.000701
0.000671
0.00073
0.000687
0.0007
0.000673
0.000675
0.000691
0.000675
0.000673
