0.003266
0.000866
0.000862
0.000892
0.000889
0.000929
0.000882
0.000883
0.000879
0.000878
0.000878
0.000878
0.000882
0.000878
0.000878
0.000877
0.000881
0.000878
0.000877
0.000878
0.000878
0.000881
0.000878
0.000879
0.000879
0.000883
0.00088
0.000878
0.000878
0.000879
0.000882
0.000912
0.000859
0.000859
0.000859
0.000895
0.000858
0.000886
0.000888
0.000881
0.000877
0.000878
0.000879
0.000877
0.000881
0.000878
0.000878
0.000878
0.000881
0.000879
0.000878
0.000878
0.000877
0.000883
0.000878
0.000878
0.000878
0.000881
0.000879
0.000878
0.000877
0.000878
0.000881
0.000878
0.000878
0.000878
0.000882
0.000878
0.000878
0.000878
0.000878
0.000882
0.000878
0.000878
0.000877
0.00088
0.000879
0.000875
0.000863
0.000861
0.000864
0.000861
0.000862
0.000861
0.000861
0.000864
0.000861
0.000861
0.000861
0.000864
0.000861
0.00086
0.000862
0.000861
0.000898
0.000842
0.000841
0.000841
0.00087
0.00086
0.000841
0.000841
0.000841
0.000871
0.000841
0.000841
0.000842
0.000841
0.000845
0.000842
0.000841
0.00084
0.000841
0.000872
0.000871
0.000841
0.000841
0.000842
0.000844
0.000841
0.000841
0.000865
0.000871
0.000842
0.000841
0.000842
0.000841
0.000871
0.000841
0.00086
0.000862
0.000841
0.000844
0.000869
0.000842
0.000843
0.000871
0.000841
0.000841
0.000841
0.000841
0.000845
0.000842
0.000841
0.000841
0.000858
0.000863
0.000841
0.000842
0.000842
0.000842
0.000871
0.000841
0.000869
0.000842
0.000845
0.000842
0.000842
0.000841
0.000841
0.000872
0.000842
0.000842
0.000842
0.000842
0.000846
0.000842
0.000841
0.000861
0.000866
0.00089
0.000869
0.000842
0.00087
0.000844
0.000843
0.000841
0.000841
0.000841
0.000872
0.000842
0.000841
0.000841
0.000844
0.000841
0.000842
0.000841
0.000841
0.000871
0.000841
0.00084
0.00084
0.000872
0.000863
0.000843
0.000841
0.000842
0.000842
0.000871
0.000842
0.000841
0.000841
0.000845
0.000842
0.000843
0.000841
0.000868
0.000872
0.000875
0.000841
0.000841
0.000841
0.000872
0.000841
0.000841
0.000841
0.000886
0.000842
0.000841
0.000842
0.000841
0.000844
0.000842
0.000841
0.000841
0.000842
0.000872
0.000843
0.000843
0.000842
0.000841
0.000844
0.000868
0.000841
0.000842
0.000871
0.000842
0.000841
0.000842
0.000868
0.000863
0.000842
0.000841
0.00084
0.000842
0.000871
0.000841
0.000864
0.000857
0.000845
0.000841
0.000869
0.000842
0.000842
0.00087
0.000841
0.000841
0.000842
0.000841
0.000846
0.000842
0.000841
0.000841
0.000863
0.000858
0.000842
0.000841
0.000842
0.000872
0.000842
0.000842
0.000869
0.000842
0.000871
0.00084
0.000842
0.000842
0.000842
0.00087
0.000842
0.000842
0.000841
0.000845
0.000842
0.000842
0.000842
0.000866
0.000894
0.000842
0.000841
0.000869
0.000841
0.000846
0.000842
0.000842
0.000841
0.000841
0.000871
0.000841
0.000842
0.000841
0.000844
0.00085
0.000844
0.000842
0.000841
0.000899
0.000842
0.000842
0.000857
0.00086
0.000858
0.000843
0.000841
0.000841
0.000871
0.000842
0.000842
0.000842
0.000841
0.000844
0.000842
0.000841
0.000841
0.000841
0.000873
0.000874
0.000841
0.000842
0.000844
0.000869
0.000842
0.000843
0.000858
0.000895
0.000841
0.000841
0.000842
0.000842
0.000845
0.000841
0.000841
0.000841
0.000871
0.000871
0.000842
0.000842
0.000841
0.000871
0.000901
0.000842
0.000842
0.000841
0.000873
0.000842
0.000841
0.000841
0.000866
0.000859
0.000843
0.000841
0.000841
0.000874
0.000842
0.000841
0.000881
0.000843
0.000871
0.000842
0.00087
0.000842
0.000842
0.000872
0.00084
0.000842
0.000843
0.000844
0.000841
0.000841
0.000841
0.000842
0.000906
0.000842
0.000842
0.000841
0.00084
0.000844
0.000842
0.000869
0.000842
0.000842
0.00087
0.000842
0.000841
0.000842
0.000844
0.000842
0.000841
0.000841
0.000842
0.000872
0.000842
0.000841
0.000841
0.000874
0.000858
0.000841
0.000842
0.000869
0.000873
0.000842
0.000842
0.000841
0.000841
0.000844
0.000841
0.00084
0.000841
0.000842
0.000871
0.000842
0.00084
0.000841
0.00084
0.000845
0.000842
0.000843
0.000863
0.000897
0.000842
0.000842
0.000842
0.000842
0.000845
0.000842
0.000842
0.000841
0.000842
0.000872
0.000841
0.000842
0.000841
0.000845
0.000843
0.000874
0.000842
0.000841
0.000899
0.000843
0.000842
0.000841
0.000864
0.000861
0.000841
0.000841
0.000841
0.000841
0.000871
0.000841
0.000841
0.000842
0.000845
0.000842
0.000842
0.000841
0.00084
0.00087
0.00087
0.000842
0.000842
0.000841
0.000843
0.000842
0.000841
0.000861
0.000902
0.000841
0.000842
0.000842
0.000846
0.000845
0.000842
0.000858
0.000866
0.00084
0.000872
0.000857
0.000855
0.000842
0.000845
0.000842
0.00084
0.000842
0.000842
0.000873
0.000842
0.000842
0.000842
0.000857
0.000864
