0.001691
0.001557
0.001529
0.001521
0.001593
0.001666
0.001554
0.001525
0.00152
0.00153
0.001524
0.00152
0.001443
0.000277
0.000276
0.000277
0.000277
0.000276
0.000276
0.000276
0.000277
0.000276
0.000276
0.000278
0.000276
0.000276
0.000276
0.000276
0.000275
0.000276
0.000276
0.000276
0.000276
0.000276
0.000276
0.000276
0.000276
0.000279
0.000277
0.000277
0.000277
0.000276
0.000277
0.000276
0.000276
0.000276
0.000276
0.000276
0.000276
0.000276
0.000276
0.000276
0.000279
0.000276
0.000276
0.000276
0.000276
0.000276
0.000276
0.000276
0.000276
0.000276
0.000276
0.000275
0.000275
0.000275
0.00028
0.000276
0.000276
0.000276
0.000276
0.000276
0.000276
0.000276
0.000276
0.000275
0.000276
0.000276
0.000275
0.000276
0.000276
0.000279
0.000276
0.000276
0.000276
0.000277
0.000276
0.000275
0.000276
0.000276
0.000276
0.000276
0.000276
0.000276
0.000277
0.00028
0.000276
0.000276
0.000276
0.000276
0.000276
0.000276
0.000276
0.000276
0.000276
0.000276
0.000276
0.000276
0.000276
0.000275
0.000278
0.000276
0.000276
0.000276
0.000276
0.000276
0.000275
0.000275
0.000276
0.000276
0.000277
0.000276
0.000276
0.000276
0.000279
0.000276
0.000276
0.000276
0.000276
0.000276
0.000276
0.000276
0.000276
0.000276
0.000276
0.000276
0.000276
0.000276
0.000276
0.000278
0.000276
0.000276
0.000275
0.000275
0.000276
0.000276
0.000276
0.000275
0.000275
0.000276
0.000276
0.000276
0.000277
0.00028
0.000277
0.000276
0.000276
0.000276
0.000275
0.000276
0.000276
0.000276
0.000276
0.000276
0.000276
0.000276
0.000276
0.000275
0.000278
0.000277
0.000276
0.000277
0.000276
0.000276
0.000276
0.000276
0.000276
0.000276
0.000275
0.000276
0.000276
0.000276
0.000279
0.000277
0.000276
0.000276
0.000275
0.000275
0.000275
0.000275
0.000276
0.000276
0.000276
0.000294
0.000309
0.000336
0.000293
0.000284
0.00027
0.00027
0.000285
0.000283
0.00027
0.00027
0.00027
0.00027
0.00027
0.000271
0.00027
0.00027
0.00027
0.000274
0.00027
0.000271
0.00027
0.000284
0.000276
0.000276
0.000275
0.000284
0.000269
0.000269
0.00027
0.00027
0.00027
0.000299
0.00027
0.00027
0.00027
0.00027
0.00027
0.000269
0.000269
0.000269
0.000269
0.000269
0.00027
0.000269
0.00027
0.00027
0.000274
0.000288
0.000276
0.000276
0.000284
0.00027
0.00027
0.000269
0.000269
0.00027
0.00027
0.000269
0.000269
0.00027
0.00027
0.000299
0.000297
0.000269
0.00027
0.000269
0.000269
0.000269
0.00027
0.00027
0.000269
0.000269
0.00027
0.00027
0.00027
0.000274
0.00027
0.000269
0.00027
0.000269
0.000269
0.000271
0.00027
0.00027
0.00027
0.00027
0.00027
0.00027
0.000269
0.000269
0.000299
0.00027
0.00027
0.00027
0.00027
0.000269
0.00027
0.000269
0.000299
0.00027
0.00027
0.00027
0.00027
0.00027
0.00027
0.000273
0.000269
0.00027
0.000269
0.000269
0.000269
0.000269
0.000269
0.00027
0.00027
0.00027
0.00027
0.00027
0.00027
0.000299
0.00027
0.00027
0.00027
0.000297
0.000269
0.000269
0.00027
0.00027
0.00027
0.00027
0.00027
0.00027
0.00027
0.00027
0.0003
0.00027
0.000269
0.000269
0.000269
0.00027
0.000269
0.000269
0.000269
0.000269
0.000269
0.000323
0.00027
0.000269
0.000272
0.000297
0.000269
0.00027
0.00027
0.000269
0.000269
0.00027
0.00027
0.00027
0.000269
0.00027
0.00027
0.00027
0.000269
0.000275
0.00027
0.00027
0.00027
0.00027
0.000288
0.000276
0.000276
0.000276
0.000284
0.000269
0.00027
0.00027
0.00027
0.000269
0.000299
0.00027
0.00027
0.000269
0.000269
0.00027
0.000298
0.00027
0.00027
0.00027
0.00027
0.00027
0.00027
0.000269
0.000274
0.000271
0.00027
0.00027
0.000269
0.00027
0.00027
0.00027
0.00027
0.00027
0.00027
0.00027
0.00027
0.00027
0.000269
0.000299
0.00027
0.00027
0.00027
0.00027
0.000269
0.00027
0.00027
0.00027
0.00027
0.00027
0.000269
0.00027
0.00027
0.00027
0.000273
0.00027
0.00027
0.00027
0.000269
0.00027
0.00027
0.000269
0.000269
0.00027
0.000269
0.00027
0.00027
0.00027
0.00027
0.000299
0.00027
0.00027
0.00027
0.00027
0.000288
0.000276
0.000275
0.000311
0.00027
0.00027
0.00027
0.00027
0.000269
0.000274
0.00027
0.00027
0.000269
0.00027
0.00027
0.000269
0.00027
0.00027
0.00027
0.00027
0.00027
0.00027
0.00027
0.00027
0.000298
0.000269
0.000269
0.00027
0.000269
0.00027
0.00027
0.00027
0.00027
0.00027
0.00027
0.00027
0.000269
0.000269
0.000269
0.000273
0.000269
0.000269
0.000269
0.000269
0.00027
0.000297
0.00027
0.000269
0.000269
0.00027
0.000269
0.000288
0.000287
0.000299
0.00027
0.00027
0.000269
0.000269
0.000269
0.000269
0.00027
0.00027
0.00027
0.00027
