0.000793
0.000669
0.000643
0.000648
0.000113
0.000113
0.000128
0.000128
0.000113
0.00014
0.000113
0.000113
0.000113
0.000114
0.000113
0.000114
0.000113
0.000113
0.000114
0.000113
0.000113
0.000114
0.000113
0.000113
0.000113
0.000113
0.000131
0.000154
0.000113
0.000113
0.000113
0.000113
0.000113
0.000113
0.000113
0.000112
0.000132
0.000221
0.000162
0.000119
0.000126
0.000116
0.000117
0.000116
0.000116
0.000116
0.000116
0.000116
0.000116
0.000116
0.000116
0.000116
0.000115
0.000116
0.000116
0.000115
0.000115
0.000116
0.000115
0.000131
0.000113
0.000113
0.000113
0.000113
0.000114
0.000113
0.000156
0.000116
0.000116
0.000116
0.000116
0.000115
0.000115
0.000116
0.000116
0.000116
0.000116
0.000116
0.000125
0.000116
0.000116
0.000115
0.000115
0.000116
0.000116
0.000116
0.000115
0.000115
0.000115
0.000116
0.000116
0.000116
0.000116
0.000118
0.000116
0.000116
0.000116
0.000115
0.000116
0.000116
0.000116
0.000115
0.000116
0.000115
0.000115
0.000115
0.000115
0.000116
0.000116
0.000116
0.000116
0.000116
0.000116
0.000116
0.000115
0.000116
0.000116
0.000116
0.000115
0.000145
0.000144
0.000116
0.000116
0.000116
0.000116
0.000116
0.000115
0.000122
0.000116
0.000116
0.000116
0.000116
0.000115
0.000115
0.000115
0.000116
0.000116
0.000115
0.000115
0.000116
0.000115
0.000115
0.000115
0.000116
0.000116
0.000116
0.000116
0.000116
0.000116
0.000116
0.000116
0.000116
0.000116
0.000116
0.000116
0.000115
0.000115
0.000116
0.000116
0.000116
0.000116
0.000118
0.000116
0.000116
0.000116
0.000116
0.000138
0.000202
0.000119
0.000116
0.000115
0.000116
0.000116
0.000116
0.000125
0.000116
0.000116
0.000116
0.000115
0.000124
0.000116
0.000116
0.000116
0.000116
0.000146
0.000124
0.000125
0.000117
0.000143
0.000125
0.000116
0.000116
0.000124
0.000125
0.000124
0.000116
0.000116
0.000116
0.000116
0.000116
0.000116
0.000116
0.000116
0.000116
0.000124
0.000116
0.000116
0.000116
0.000116
0.000116
0.000116
0.000116
0.000116
0.000116
0.000115
0.000116
0.000115
0.000115
0.000115
0.000115
0.000116
0.000116
0.000116
0.000116
0.000116
0.000116
0.000116
0.000119
0.000116
0.000116
0.000116
0.000116
0.000116
0.000116
0.000115
0.000116
0.000116
0.000116
0.000116
0.000116
0.000116
0.000115
0.000115
0.000115
0.000116
0.000116
0.000116
0.000115
0.000115
0.000115
0.000125
0.000116
0.000116
0.000116
0.000116
0.000116
0.000116
0.000116
0.000116
0.00017
0.000117
0.000124
0.000116
0.000116
0.000116
0.000116
0.000116
0.000115
0.000115
0.000115
0.000115
0.000115
0.000116
0.000116
0.000116
0.000116
0.000116
0.000116
0.000115
0.000115
0.000115
0.000115
0.000116
0.000115
0.000115
0.000116
0.000116
0.000115
0.000115
0.000115
0.000116
0.000115
0.000116
0.000116
0.000115
0.000118
0.000117
0.000115
0.000115
0.000115
0.000115
0.000115
0.000116
0.000115
0.000116
0.000116
0.000116
0.000116
0.000116
0.000115
0.000115
0.000115
0.000115
0.000115
0.000116
0.000116
0.000116
0.000116
0.000116
0.000116
0.000116
0.000116
0.000116
0.000116
0.000116
0.000116
0.000116
0.000116
0.000116
0.000122
0.000116
0.000116
0.000116
0.000116
0.000116
0.000116
0.000116
0.000116
0.000116
0.000115
0.000115
0.000115
0.000116
0.000116
0.000116
0.000115
0.000116
0.000116
0.000116
0.000115
0.000116
0.000115
0.000115
0.000115
0.000116
0.000116
0.000116
0.000116
0.000116
0.000116
0.000115
0.000116
0.000116
0.000116
0.000118
0.000116
0.000115
0.000116
0.000116
0.000116
0.000116
0.000116
0.000115
0.000115
0.000116
0.000115
0.000115
0.000115
0.000116
0.000116
0.000115
0.000116
0.000116
0.000116
0.000116
0.000116
0.000116
0.000116
0.000116
0.000116
0.000116
0.000115
0.000115
0.000116
0.000116
0.000116
0.000116
0.000116
0.000119
0.000116
0.000116
0.000116
0.000151
0.000116
0.000116
0.000116
0.000116
0.000116
0.000115
0.000115
0.000115
0.000116
0.000116
0.000116
0.000116
0.000116
0.000115
0.000116
0.000117
0.000116
0.000116
0.000116
0.000116
0.000116
0.000116
0.000116
0.000116
0.000116
0.000116
0.000115
0.000115
0.000115
0.000116
0.000117
0.000117
0.000116
0.000116
0.000115
0.000115
0.000116
0.000116
0.000116
0.000116
0.000116
0.000116
0.000116
0.000122
0.000116
0.000116
0.000116
0.000116
0.000116
0.000116
0.000116
0.000116
0.000115
0.000115
0.000115
0.000115
0.000115
0.000116
0.000116
0.000116
0.000115
0.000115
0.000115
0.000115
0.000122
0.000116
0.000115
0.000115
0.000115
0.000116
0.000116
0.000116
0.000116
0.000116
0.000115
0.000116
0.000115
0.000115
0.000115
0.000115
0.000115
0.000115
0.000115
0.000115
0.000115
0.000115
0.000116
0.000115
0.000116
0.000115
0.000115
0.000115
0.000116
0.000116
0.000116
0.000116
0.000116
