0.002292
0.000674
0.000374
0.000372
0.000372
0.000372
0.000371
0.000444
0.000373
0.000399
0.000372
0.000387
0.000414
0.000465
0.000376
0.000373
0.000395
0.000394
0.000372
0.000372
0.000371
0.000371
0.000372
0.000401
0.000371
0.000388
0.000379
0.000382
0.00038
0.00038
0.00038
0.00038
0.000379
0.000379
0.000379
0.000379
0.00038
0.00038
0.000384
0.00038
0.00038
0.00038
0.00038
0.00038
0.00038
0.000379
0.000379
0.00038
0.000382
0.00038
0.00038
0.000379
0.000379
0.000379
0.000379
0.00038
0.000379
0.00038
0.00038
0.000382
0.00038
0.000379
0.000379
0.00038
0.00038
0.000379
0.000379
0.00038
0.00038
0.000382
0.00038
0.000379
0.000379
0.00038
0.000379
0.000379
0.000379
0.00038
0.000379
0.000379
0.000383
0.00038
0.00038
0.00038
0.00038
0.000384
0.000382
0.00038
0.000379
0.000379
0.000382
0.00038
0.000379
0.000379
0.000379
0.000379
0.00038
0.000379
0.00038
0.00038
0.00038
0.000385
0.00038
0.000379
0.000379
0.000379
0.00038
0.000379
0.00038
0.000379
0.000379
0.000383
0.00038
0.00038
0.00038
0.00038
0.000379
0.000379
0.00038
0.000379
0.000379
0.00038
0.000385
0.00038
0.00038
0.00038
0.00038
0.000382
0.00038
0.00038
0.000379
0.000379
0.000382
0.00038
0.00038
0.00038
0.000379
0.000379
0.00038
0.00038
0.00038
0.00038
0.00038
0.000382
0.00038
0.00038
0.00038
0.000379
0.000379
0.000379
0.000379
0.000379
0.000381
0.000384
0.000381
0.000379
0.00038
0.000379
0.000379
0.00038
0.00038
0.00038
0.00038
0.000379
0.000383
0.00038
0.000379
0.000379
0.00038
0.000379
0.00038
0.000379
0.000379
0.000379
0.000384
0.00038
0.000379
0.000379
0.000379
0.000378
0.000379
0.000379
0.00038
0.000379
0.000379
0.000382
0.000379
0.00038
0.00038
0.00038
0.00038
0.00038
0.000379
0.00038
0.000379
0.000384
0.00038
0.000379
0.000378
0.000379
0.000379
0.000379
0.00038
0.00038
0.00038
0.00038
0.000382
0.000379
0.000379
0.00038
0.00038
0.000379
0.00038
0.00038
0.00038
0.000379
0.000382
0.00038
0.00038
0.00038
0.00038
0.000385
0.00038
0.00038
0.000379
0.00038
0.00038
0.000382
0.00038
0.00038
0.000379
0.000379
0.000489
0.000486
0.000402
0.0004
0.000372
0.00042
0.00038
0.000384
0.000371
0.000371
0.000371
0.000372
0.000372
0.000371
0.000371
0.000401
0.000372
0.000371
0.000371
0.000371
0.000371
0.000371
0.000372
0.000371
0.000371
0.000385
0.000396
0.000372
0.00037
0.000371
0.000371
0.000371
0.000434
0.000387
0.000371
0.000371
0.000371
0.000401
0.000409
0.0004
0.000472
0.000514
0.000377
0.00058
0.000403
0.000433
0.000636
0.000377
0.000373
0.000373
0.000372
0.000372
0.000371
0.000371
0.000371
0.000371
0.000503
0.000487
0.00038
0.00038
0.00038
0.00038
0.000381
0.00038
0.00038
0.000382
0.00038
0.00038
0.00038
0.00038
0.00038
0.00038
0.00038
0.000379
0.000379
0.00038
0.000384
0.000381
0.00038
0.00038
0.000379
0.00038
0.000379
0.00038
0.000379
0.000392
0.000503
0.00039
0.000385
0.000389
0.000379
0.000379
0.000384
0.000372
0.000372
0.000371
0.000371
0.000401
0.000373
0.000371
0.000371
0.000372
0.000372
0.000371
0.000371
0.000371
0.000371
0.000402
0.000372
0.000371
0.000371
0.000371
0.000371
0.000371
0.000371
0.000371
0.000371
0.000371
0.000401
0.000371
0.000371
0.000371
0.000371
0.000371
0.000399
0.000371
0.000371
0.00037
0.000434
0.000389
0.000372
0.000372
0.000398
0.000371
0.00037
0.000371
0.000371
0.000371
0.000371
0.0004
0.000372
0.000371
0.000372
0.000371
0.00037
0.000371
0.000371
0.000371
0.000371
0.000371
0.000374
0.000371
0.000371
0.000372
0.000371
0.000371
0.000371
0.000372
0.000371
0.000371
0.000372
0.000401
0.000371
0.000372
0.000371
0.00037
0.000371
0.000372
0.00037
0.000398
0.000371
0.000445
0.000373
0.000371
0.000398
0.000371
0.000398
0.000371
0.000372
0.000386
0.000379
0.000379
0.00039
0.000371
0.000371
0.000372
0.000371
0.000371
0.000371
0.000372
0.000372
0.000371
0.000373
0.000372
0.000371
0.000371
0.000372
0.000371
0.000371
0.000371
0.000371
0.00037
0.000371
0.0004
0.000371
0.000371
0.000371
0.000371
0.000371
0.00037
0.000371
0.000371
0.000371
0.000398
0.000446
0.000373
0.00037
0.000371
0.000371
0.000371
0.000399
0.000371
0.000372
0.000371
0.000402
0.000372
0.000371
0.000371
0.000371
0.000371
0.000371
0.000371
0.000371
0.000392
0.000379
0.000392
0.000372
0.000371
0.000371
0.000371
0.000372
0.000371
0.000371
0.000372
0.000371
0.000401
0.000372
0.000371
0.000371
0.00037
0.000371
0.000371
0.000371
0.000371
0.000371
0.000371
0.000376
0.000443
0.000373
0.000372
0.000371
0.00037
0.000371
0.000371
0.000386
0.000384
0.000372
0.00042
